[[{"__ndarray__": [[39, -17, 21], [-17, 12, -20], [21, -20, 116]], "dtype": "int64", "shape": [3, 3], "Corder": true}, {"__ndarray__": [[99, 39, -18, 27], [39, 27, -18, -1], [-18, -18, 14, 8], [27, -1, 8, 27]], "dtype": "int64", "shape": [4, 4], "Corder": true}, {"__ndarray__": [[-0.8800829945987997, 0.12229157811740532, -0.4584932354758345, -0.016812065978477102], [-0.37718496552381925, -0.46130782123467257, 0.5806251616374281, 0.5547981772897465], [0.18583791179309034, 0.5003088369795766, -0.25286352497331227, 0.8069791669669037], [-0.22056675846824236, 0.7224478746798395, 0.6234728642326643, -0.20174479174172597]], "dtype": "float64", "shape": [4, 4], "Corder": true}, {"__ndarray__": [[11.23753522955681, 0.0, 0.0], [0.0, 6.144028121506848, 0.0], [0.0, 0.0, 1.7229975062670868], [0.0, 0.0, 0.0]], "dtype": "float64", "shape": [4, 3], "Corder": true}, {"__ndarray__": [[0.26644828477620686, -0.20447480857760617, 0.941910486297381], [-0.8855818195068424, 0.3338102018229865, 0.3229792410014108], [-0.38046044800842005, -0.9201960670509567, -0.09213601730693546]], "dtype": "float64", "shape": [3, 3], "Corder": true}], [{"__ndarray__": [[354, -235, 173, 87, -169, -35, 200, 92, 68], [-235, 288, -2, -80, 86, 150, -192, -157, -151], [173, -2, 241, 20, -116, 18, 99, -96, -57], [87, -80, 20, 176, -29, -46, 25, -23, -18], [-169, 86, -116, -29, 385, -167, 33, -9, -94], [-35, 150, 18, -46, -167, 340, -167, -47, -90], [200, -192, 99, 25, 33, -167, 370, 37, -41], [92, -157, -96, -23, -9, -47, 37, 206, 138], [68, -151, -57, -18, -94, -90, -41, 138, 236]], "dtype": "int64", "shape": [9, 9], "Corder": true}, {"__ndarray__": [[274, 39, -40, 76, 16, 149, 72, -107], [39, 406, -23, 144, -277, 32, 181, 103], [-40, -23, 422, 139, 130, -99, -142, -1], [76, 144, 139, 214, -43, -64, -5, 20], [16, -277, 130, -43, 341, 23, -216, -245], [149, 32, -99, -64, 23, 284, 11, -111], [72, 181, -142, -5, -216, 11, 239, 73], [-107, 103, -1, 20, -245, -111, 73, 416]], "dtype": "int64", "shape": [8, 8], "Corder": true}, {"__ndarray__": [[0.010326031905950135, 0.3927310368929537, 0.4337625686866801, 0.3646719892224944, 0.5669140591731107, -0.04951572237450956, 0.14159145418963162, -0.42500421510729436], [0.5223596210853929, 0.010209029601564668, 0.42663534181969415, -0.24844237864659002, -0.44206481557042504, 0.13382136627346838, 0.4790014699829615, -0.20130326399362491], [-0.23148545133737647, -0.5716387664080823, 0.4887753991884322, 0.21077751020527283, -0.1835162038926873, -0.5331897804000654, -0.11311160365247727, -0.07450693258579666], [0.10224722179186999, -0.21538575887438163, 0.5123371289196584, -0.0695471133198315, 0.29447359218188496, 0.5088935204363495, -0.2528928655776321, 0.5159323916701881], [-0.5821787940888965, 0.02270950732207896, 0.05960192684510785, -0.010266220319504521, 0.03371310408831816, 0.0645518550599105, 0.7320267095651486, 0.34018778069084854], [-0.030037048062254157, 0.5062156730084781, 0.16008490552179186, 0.5442098636689463, -0.5230320464412247, 0.002730064632471737, -0.1790349969743089, 0.33974756872537215], [0.3884568638046139, 0.2084977644159644, 0.009359845843118731, -0.19791827093189188, 0.2693310195985036, -0.6485242190522039, 0.10582335297639109, 0.5119074678722174], [0.41504298958007374, -0.41503597061030667, -0.31491970599106495, 0.6485255214920895, 0.12472354089398018, 0.10778692016852712, 0.30764459985540404, 0.11792160539599911]], "dtype": "float64", "shape": [8, 8], "Corder": true}, {"__ndarray__": [[31.120291401796983, 0.0, 0.0, 0.0, 0.0, 0.0, 0.0, 0.0, 0.0], [0.0, 25.21580551571141, 0.0, 0.0, 0.0, 0.0, 0.0, 0.0, 0.0], [0.0, 0.0, 22.214398051170058, 0.0, 0.0, 0.0, 0.0, 0.0, 0.0], [0.0, 0.0, 0.0, 14.225313268891115, 0.0, 0.0, 0.0, 0.0, 0.0], [0.0, 0.0, 0.0, 0.0, 13.04470936980663, 0.0, 0.0, 0.0, 0.0], [0.0, 0.0, 0.0, 0.0, 0.0, 10.180672154197062, 0.0, 0.0, 0.0], [0.0, 0.0, 0.0, 0.0, 0.0, 0.0, 4.218097463158559, 0.0, 0.0], [0.0, 0.0, 0.0, 0.0, 0.0, 0.0, 0.0, 2.0612429804541295, 0.0]], "dtype": "float64", "shape": [8, 9], "Corder": true}, {"__ndarray__": [[-0.5362867080212211, 0.5100539178660017, -0.17308342139210478, -0.14029425129488285, 0.2091622396808701, 0.2653908662004902, -0.43891676392151446, -0.22272399359875286, -0.21486312530361903], [0.24686678815848206, 0.09645305618859486, 0.3136650951488008, 0.02534493698552766, -0.6685089149855914, 0.5648773130658645, -0.21565461958890667, -0.13083336150327082, -0.03332577751055578], [-0.11559746901198964, -0.19981067009653994, -0.44851026306484437, -0.09625570722511981, -0.2087962160211084, 0.05624076877890874, -0.4405288856583876, 0.4356469055625261, 0.5528774680727082], [-0.043033611251313, -0.035290744002454036, 0.09745269350521017, 0.686891650435236, -0.09307463675602592, -0.4088395532550519, -0.4184899340075297, -0.3779297508614651, 0.14767570895875068], [-0.12129876178947968, 0.18249164778474222, 0.4472789456458611, -0.5720828998844809, -0.14497380357211345, -0.4175397405700731, -0.051031328377535094, -0.2184590289827472, 0.4230375004905452], [-0.5064284163178293, -0.1524612732184028, -0.3619883330762862, 0.011178371282500274, -0.5321329221297392, -0.08138545971615853, 0.4537294746579109, -0.3022939558629009, -0.04565302021148846], [-0.15693808883997787, 0.2567735503816945, 0.15542300917010549, 0.06493729770171089, -0.35618470941012337, -0.40808342826874106, -0.09624982530498709, 0.6105752268454309, -0.4534300911161623], [0.2280863289511159, -0.46749182234458847, -0.208382259843394, -0.40617565551082757, -0.07349997921869157, -0.21709563212109736, -0.40644802895665233, -0.2607938197241163, -0.4850567143738971], [-0.5370313040370948, -0.5902060376237225, 0.5121761096343996, 0.044615474048143096, 0.1436509503805907, 0.21340777638138647, -0.09331116583922175, 0.14400008382564733, -0.05760062026220092]], "dtype": "float64", "shape": [9, 9], "Corder": true}], [{"__ndarray__": [[244, 123, -72, 48, -51, -2], [123, 338, -71, -43, -97, 192], [-72, -71, 211, 70, 113, 95], [48, -43, 70, 271, 20, 30], [-51, -97, 113, 20, 263, -51], [-2, 192, 95, 30, -51, 259]], "dtype": "int64", "shape": [6, 6], "Corder": true}, {"__ndarray__": [[208, 122, 148, -68, 128, 2, -20], [122, 262, 151, -136, 3, -59, -17], [148, 151, 252, -16, 4, -26, 58], [-68, -136, -16, 167, 20, -24, 65], [128, 3, 4, 20, 271, -53, -63], [2, -59, -26, -24, -53, 188, 138], [-20, -17, 58, 65, -63, 138, 238]], "dtype": "int64", "shape": [7, 7], "Corder": true}, {"__ndarray__": [[-0.5064276256509516, 0.025971264898999924, 0.3175325280819987, -0.2176126396725553, -0.3782679367104275, -0.6379697000884095, 0.2111454850751584], [-0.5651683101138508, 0.167880496204188, -0.343428042324428, 0.004510420001608576, 0.564831188377426, -0.1917803385716486, -0.4226390735218391], [-0.4783451353903189, 0.36118263175665816, 0.14383647057943208, 0.46335599528751453, -0.37581678115335554, 0.5100956694776007, -0.06252586914110358], [0.28068503189362637, -0.03441477327842577, 0.4182520567764334, 0.5723154513917392, 0.02444470754236029, -0.39484925844137775, -0.5109288568216557], [-0.25405162260285236, -0.4619188288337441, 0.6533311215830625, -0.209370242116357, 0.35497354751400806, 0.34887077932197363, -0.06078055453411792], [0.17704838524586242, 0.4494305740497055, 0.191576094817621, -0.6034648854446668, -0.20950616841663847, 0.11961208304004863, -0.5546123649063999], [0.14362913309832132, 0.6512660876857664, 0.3493760231527748, 0.04873268561173487, 0.4755462605576671, -0.06398096217657666, 0.44782459233889627]], "dtype": "float64", "shape": [7, 7], "Corder": true}, {"__ndarray__": [[24.30673498867974, 0.0, 0.0, 0.0, 0.0, 0.0], [0.0, 20.03664260474377, 0.0, 0.0, 0.0, 0.0], [0.0, 0.0, 17.207175450096898, 0.0, 0.0, 0.0], [0.0, 0.0, 0.0, 14.225136006672003, 0.0, 0.0], [0.0, 0.0, 0.0, 0.0, 9.13224817868368, 0.0], [0.0, 0.0, 0.0, 0.0, 0.0, 3.4461934281253166], [0.0, 0.0, 0.0, 0.0, 0.0, 0.0]], "dtype": "float64", "shape": [7, 6], "Corder": true}, {"__ndarray__": [[0.345155541581004, 0.7041560739875625, -0.23590608966246304, -0.08323338250441893, -0.40963185002663577, 0.3932609107490102], [-0.13503844357125075, 0.14921616857501455, 0.6055799434682952, 0.4050648878021305, 0.2799068737445694, 0.5919008908279935], [0.5877959643585202, -0.12296051351841265, -0.09363288903329797, 0.7568067134230426, -0.04311871317985438, -0.2366302465491898], [-0.43864129130819557, -0.29643500805654394, -0.015476684245672523, 0.29529319186009734, -0.7795022041195313, 0.15703127209770631], [0.5444858052530671, -0.3616527706363784, 0.5481992860943565, -0.40613267680092047, -0.31700417179379936, 0.0823688533028956], [0.16809878225321392, -0.4981094559502471, -0.5177761543280814, -0.06400327257358336, 0.20947394798907823, 0.6384057248497216]], "dtype": "float64", "shape": [6, 6], "Corder": true}], [{"__ndarray__": [[242, 173, -156, 70, -54, -191, -61, 106], [173, 202, -161, 125, -140, -159, 39, 28], [-156, -161, 202, -72, 102, 166, -38, -52], [70, 125, -72, 167, -129, -88, -3, 53], [-54, -140, 102, -129, 201, 114, -97, 33], [-191, -159, 166, -88, 114, 199, 19, -87], [-61, 39, -38, -3, -97, 19, 164, -136], [106, 28, -52, 53, 33, -87, -136, 157]], "dtype": "int64", "shape": [8, 8], "Corder": true}, {"__ndarray__": [[162, -132, 83, -193, 75], [-132, 291, -22, 269, -211], [83, -22, 364, -110, -27], [-193, 269, -110, 428, -155], [75, -211, -27, -155, 289]], "dtype": "int64", "shape": [5, 5], "Corder": true}, {"__ndarray__": [[0.3366211980914118, -0.13241849493252172, 0.21182934483592755, -0.9078925878527146, -0.0032998157206741703], [-0.5242556313155707, -0.22246804640779272, 0.08845444234315472, -0.14421723951189025, 0.8043887125132623], [0.19582597714802538, -0.8666372681281909, -0.44661415337102317, 0.09497104786560867, -0.04591655737661282], [-0.6465790358846755, 0.10155051874722541, -0.5186382731093191, -0.37408740473488705, -0.4033559194824256], [0.3942460387345437, 0.41424708588085585, -0.6919929768220274, -0.07727580757064625, 0.43375521019883173]], "dtype": "float64", "shape": [5, 5], "Corder": true}, {"__ndarray__": [[29.5704846170504, 0.0, 0.0, 0.0, 0.0, 0.0, 0.0, 0.0], [0.0, 19.92059134487481, 0.0, 0.0, 0.0, 0.0, 0.0, 0.0], [0.0, 0.0, 12.626027223775047, 0.0, 0.0, 0.0, 0.0, 0.0], [0.0, 0.0, 0.0, 7.694790771099524, 0.0, 0.0, 0.0, 0.0], [0.0, 0.0, 0.0, 0.0, 6.643049865594725, 0.0, 0.0, 0.0]], "dtype": "float64", "shape": [5, 8], "Corder": true}, {"__ndarray__": [[-0.4505043510742945, -0.4504356181066857, 0.41691692475671027, -0.29359711851022163, 0.3174903888527045, 0.45016268105358526, -0.004893741242920252, -0.17511155966221467], [0.29469826653933806, -0.14816138260391662, 0.05928420269934279, -0.09952359925496836, 0.4583027194973634, -0.0982071863352059, -0.6170120167719033, 0.5266798932157525], [0.30154323194192106, 0.027990814786750067, -0.36551097974506247, -0.7174545018402335, 0.32936256754527793, -0.12743268962316467, 0.2668807868779375, -0.2529917179343671], [0.5076740365908798, 0.42579759136301665, 0.5761745941813746, 0.05918674618668881, 0.1175401935559233, 0.19857457774039938, -0.10170704401157007, -0.4023572629259024], [-0.08446055422106838, 0.33718403292099997, -0.4166507261923488, 0.35077675564347777, 0.5081871402979597, 0.5438478793948514, 0.1457444536990977, 0.08523527155398539], [0.47362003692826293, -0.34364706331929495, -0.1908654848099013, -0.09343909642692033, -0.4608426197602166, 0.6193377282569907, -0.02861064433172312, 0.12512612700883627], [0.27783128982784044, -0.23556062268823408, 0.3246754087499298, 0.17473028455869757, 0.20072735608390482, -0.1178076017195195, 0.7121373481426868, 0.41239116008881005], [-0.22999513689798043, 0.5529861670753231, 0.20407998405571187, -0.4725948398745369, -0.23651957858533743, 0.19700149045549592, 0.09221132184680042, 0.5225514207097676]], "dtype": "float64", "shape": [8, 8], "Corder": true}], [{"__ndarray__": [[114, -85, 95, 116, 112, 42, -19, 23, 55], [-85, 103, -109, -67, -44, -61, -7, -43, -41], [95, -109, 120, 77, 45, 55, 9, 57, 50], [116, -67, 77, 158, 134, 0, 33, 69, 89], [112, -44, 45, 134, 219, 54, -57, -105, 8], [42, -61, 55, 0, 54, 94, -65, -89, -37], [-19, -7, 9, 33, -57, -65, 154, 157, 69], [23, -43, 57, 69, -105, -89, 157, 286, 144], [55, -41, 50, 89, 8, -37, 69, 144, 95]], "dtype": "int64", "shape": [9, 9], "Corder": true}, {"__ndarray__": [[153, 42, 51, 108, -119], [42, 433, -55, -41, -132], [51, -55, 191, 225, 6], [108, -41, 225, 346, -97], [-119, -132, 6, -97, 220]], "dtype": "int64", "shape": [5, 5], "Corder": true}, {"__ndarray__": [[-0.3296837387309889, 0.1831172832978179, -0.44042191603394293, 0.8009638749582186, 0.1492048922217036], [0.03360206397954354, 0.8633747042036675, 0.492874849376848, 0.07427007029673409, 0.07080509125347198], [-0.48365854986604045, -0.18331105537051523, 0.4249465520368811, 0.20927692841070797, -0.7128078698130181], [-0.7547148737646072, -0.08931957220981779, 0.17355731154989068, -0.2974713871227726, 0.5511951621608777], [0.2943796870924086, -0.4236404745749159, 0.5936338991737931, 0.46973904324450894, 0.4010154275495747]], "dtype": "float64", "shape": [5, 5], "Corder": true}, {"__ndarray__": [[24.021441977862526, 0.0, 0.0, 0.0, 0.0, 0.0, 0.0, 0.0, 0.0], [0.0, 22.86037793141219, 0.0, 0.0, 0.0, 0.0, 0.0, 0.0, 0.0], [0.0, 0.0, 13.214670010677823, 0.0, 0.0, 0.0, 0.0, 0.0, 0.0], [0.0, 0.0, 0.0, 7.766590496048109, 0.0, 0.0, 0.0, 0.0, 0.0], [0.0, 0.0, 0.0, 0.0, 2.902759844143864, 0.0, 0.0, 0.0, 0.0]], "dtype": "float64", "shape": [5, 9], "Corder": true}, {"__ndarray__": [[-0.3102583421320649, 0.2811217080058227, -0.3238240236540049, -0.4235278252629229, -0.12633785510167192, 0.05421650245710359, -0.2856536219676406, -0.5432840846155385, -0.38054731407250014], [-0.3237962285043986, 0.20039106538555582, -0.20018669820646118, -0.24967958411441366, -0.5647137361360514, -0.31216365171295685, 0.3409555808683774, 0.4602665999689879, 0.09022756814747473], [-0.0405183448552653, 0.44564206811802426, -0.45153188064260535, 0.35341264418161217, 0.4835404252202852, -0.4417355413636821, 0.1548618095429592, -0.07065237073963294, 0.1142991936868459], [-0.22726606857820605, -0.16794757776587604, 0.06439896102530414, -0.03687064244808312, 0.19386269343054022, 0.2350981784791191, 0.833934282278078, -0.24960055081166474, -0.2530540558604525], [0.17621127635883604, 0.059768138121052694, 0.5655671605592102, -0.05239528100278373, -0.0653829489811998, -0.6863886887990608, 0.05560861254438227, -0.20262237861330848, -0.3510176191338062], [-0.04474514047308645, 0.7586231083425948, 0.40779799728946664, 0.22110348761418988, -0.06729807059232927, 0.40750466003363484, 0.02166126944104052, 0.1388389067956476, -0.1302626660851792], [-0.6318175699516256, -0.21849565069032756, 0.12198125006857524, 0.6297070683690019, -0.25460399719881344, -0.07755333380849946, -0.16606824460294325, -0.20427911880765606, 0.038851723087869654], [-0.48996778143872166, -0.10546192518624202, 0.16264719759315174, -0.23004791841069966, 0.5387556780232319, -0.0537572260001298, -0.22573188795544974, 0.4946254118261378, -0.28403608331410546], [-0.2707207995102321, 0.12675545971349894, 0.34573988227919733, -0.3618553450441785, 0.17279531112388177, -0.055849300712020426, 0.025053092215516548, -0.281049001314172, 0.7399826908139217]], "dtype": "float64", "shape": [9, 9], "Corder": true}], [{"__ndarray__": [[228, 24, 73, 106, -68, 83, -35, -41, -15], [24, 212, 59, -31, 17, 106, 46, -56, -2], [73, 59, 293, -123, 64, 32, 81, 141, -42], [106, -31, -123, 334, -153, 104, -5, -159, -146], [-68, 17, 64, -153, 212, -8, 2, 3, 48], [83, 106, 32, 104, -8, 188, 91, -107, -1], [-35, 46, 81, -5, 2, 91, 191, 16, 47], [-41, -56, 141, -159, 3, -107, 16, 191, 13], [-15, -2, -42, -146, 48, -1, 47, 13, 247]], "dtype": "int64", "shape": [9, 9], "Corder": true}, {"__ndarray__": [[210, -84, -23, -143, -165, -110, -51, -67], [-84, 283, 0, -2, 54, 38, -21, 99], [-23, 0, 356, -19, -73, 8, -133, -52], [-143, -2, -19, 246, 77, 105, 26, -70], [-165, 54, -73, 77, 273, 34, 71, 126], [-110, 38, 8, 105, 34, 249, 11, 68], [-51, -21, -133, 26, 71, 11, 272, 120], [-67, 99, -52, -70, 126, 68, 120, 207]], "dtype": "int64", "shape": [8, 8], "Corder": true}, {"__ndarray__": [[0.43992056700324034, -0.3364553877235399, -0.0651917762673019, -0.08515937795579825, 0.1682190132158933, -0.10711612539776687, -0.7933706843630792, -0.11205818095233283], [-0.2542952093313908, 0.18665462477753103, -0.6029872402517318, -0.5662353301684464, 0.036968304609414346, 0.40650297797103513, -0.1314636065624517, -0.17995535565098492], [0.28211494478952226, 0.6513274138120145, -0.25480484735301245, 0.5783702255494859, -0.07529617924512316, 0.2186653543064288, -0.19698688222955651, -0.06677010074285755], [-0.2727783636580221, 0.3345034242695285, 0.5771139828042278, -0.20666953486395415, -0.06302015281110754, 0.29121803660177287, -0.42849724313441867, 0.4068626375162095], [-0.5001916159914838, 0.0179778231891321, -0.037439696819375444, 0.13371297250206463, -0.5821674392527459, -0.40019241675753453, -0.31427332189715207, -0.36381813676524755], [-0.2951393253124032, 0.3256898165791067, 0.1210573272009685, 0.009453118948754438, 0.7426835246098017, -0.36902656253850435, -0.06063216905786556, -0.31723650892263533], [-0.3451584160250918, -0.4252279048238143, 0.12117920806152363, 0.4404974470576873, 0.18827689439224363, 0.6005899320944917, -0.06692931789251833, -0.3011453243645475], [-0.36245517968174407, -0.1691805322697368, -0.45103143259043194, 0.2879140417461921, 0.1864100849278315, -0.18334705272192103, -0.15473539938890393, 0.6792440182106411]], "dtype": "float64", "shape": [8, 8], "Corder": true}, {"__ndarray__": [[26.250629192875508, 0.0, 0.0, 0.0, 0.0, 0.0, 0.0, 0.0, 0.0], [0.0, 21.458012734738748, 0.0, 0.0, 0.0, 0.0, 0.0, 0.0, 0.0], [0.0, 0.0, 18.70369514403278, 0.0, 0.0, 0.0, 0.0, 0.0, 0.0], [0.0, 0.0, 0.0, 14.908010451260397, 0.0, 0.0, 0.0, 0.0, 0.0], [0.0, 0.0, 0.0, 0.0, 14.472740606563631, 0.0, 0.0, 0.0, 0.0], [0.0, 0.0, 0.0, 0.0, 0.0, 11.847544942179377, 0.0, 0.0, 0.0], [0.0, 0.0, 0.0, 0.0, 0.0, 0.0, 4.690367115622054, 0.0, 0.0], [0.0, 0.0, 0.0, 0.0, 0.0, 0.0, 0.0, 1.599088270544742, 0.0]], "dtype": "float64", "shape": [8, 9], "Corder": true}, {"__ndarray__": [[0.24332851307188588, 0.009907083477015901, -0.32191886557653415, 0.6732362775400434, -0.32577372369709634, 0.23770230239649978, -0.06971491932403365, -0.38909374816582437, -0.25481213581576667], [-0.3387970804060966, -0.44285972563128756, -0.5792144162199205, -0.011780132327307445, -0.054821677621264366, -0.4707923672244452, -0.35295516484998735, 0.015877562927408325, 0.06311398794761701], [-0.23311928624355074, 0.2941038959548713, -0.4269325239038595, -0.12418324014726982, 0.25475378472556176, 0.29096007222648895, 0.20873999181728406, -0.42444718846429386, 0.5368243523014822], [0.5618617733751529, -0.26006607027116235, -0.01508425973994405, -0.046772900000294854, -0.3806180081992909, -0.003820590297390344, 0.003818223712149779, 0.15491910171097295, 0.6673549098223801], [-0.4473909101128537, -0.21012882438886638, -0.010637460065590918, 0.18514831687236147, -0.38238717269867634, 0.04905830608487898, 0.7145019273845654, 0.24771756646774545, 0.028116395548933606], [-0.11563514037090807, 0.6843209015584036, -0.15168640489616195, -0.2202256380932871, -0.6038611877296632, -0.16353072771697316, -0.17876879806106552, 0.14943680179178565, -0.033838543909241195], [0.2447564428691767, 0.22926698657571254, 0.04452546101843455, 0.18536459295754998, 0.15829560856932504, -0.7725657658627726, 0.3997185280497156, -0.2603712305932677, 0.041290941826841725], [-0.146850401372867, 0.2795616002294207, 0.026714843095525114, 0.6192994746670354, 0.2936367569622917, -0.022832421197551456, -0.2080328388067186, 0.5315049999324022, 0.32173849265686194], [-0.40121521679268946, -0.08048845869778407, 0.5937692048789837, 0.1683266444120386, -0.24279245661942023, -0.1032066059606023, -0.2853973852867187, -0.4584893904152234, 0.30064640492078704]], "dtype": "float64", "shape": [9, 9], "Corder": true}], [{"__ndarray__": [[373, -115, 104, -92, -111, -82, 57, 226, -72], [-115, 302, -114, 67, 27, -44, 55, -61, -26], [104, -114, 403, 10, 30, 111, 108, 34, 98], [-92, 67, 10, 318, -172, -4, 107, -156, 36], [-111, 27, 30, -172, 285, 9, -16, -28, 129], [-82, -44, 111, -4, 9, 285, 66, -95, 28], [57, 55, 108, 107, -16, 66, 327, -53, 131], [226, -61, 34, -156, -28, -95, -53, 325, -6], [-72, -26, 98, 36, 129, 28, 131, -6, 269]], "dtype": "int64", "shape": [9, 9], "Corder": true}, {"__ndarray__": [[292, -51, -69, 107, -49, 92, -160, -18, -3], [-51, 248, 59, 99, 117, -35, 11, -3, 101], [-69, 59, 303, 67, 96, -153, -57, 78, 55], [107, 99, 67, 271, 100, -1, -13, -72, 146], [-49, 117, 96, 100, 447, -10, -162, 167, 4], [92, -35, -153, -1, -10, 421, -17, -36, -67], [-160, 11, -57, -13, -162, -17, 281, -124, 118], [-18, -3, 78, -72, 167, -36, -124, 201, -5], [-3, 101, 55, 146, 4, -67, 118, -5, 423]], "dtype": "int64", "shape": [9, 9], "Corder": true}, {"__ndarray__": [[0.10501261918190807, -0.2645691500480842, -0.4882968895946539, 0.5337930305599811, -0.0778414972409756, 0.12537219861635543, -0.11915918469675225, 0.2340621953248897, -0.5521278414793537], [-0.3102331007036378, 0.14884112139745456, -0.16295389021786982, -0.2718675480999046, 0.3740690064646958, 0.16413391390298823, -0.7755758023150554, 0.09837529796003243, -0.0554321394679844], [-0.4252398192010262, 0.08139848056815405, 0.19730370193855257, 0.2537150216788447, 0.12552094346405526, -0.7924114693393385, -0.03770958638285107, -0.03037175552402673, -0.25145460837993766], [-0.26210098054780184, 0.12133747638915521, -0.5213796873665693, 0.14518541383101644, 0.386992982346635, -0.051983380065405954, 0.3684360895946059, 0.31954355335191936, 0.4830586250534656], [-0.5907297990628224, -0.3665969948187443, -0.05498185274770592, -0.40224322605713764, 0.012063470759924508, 0.23978712495978166, 0.3848313772005952, -0.12622504813938668, -0.3607644474854587], [0.3337428215577371, -0.3237850463755223, -0.4666757039991054, -0.529207931617339, -0.1055788037623174, -0.5173016077413173, -0.07739543485886657, -0.025910591455586093, 0.022857732834071755], [0.20205259640983148, 0.5370321688995948, 0.07054139619518107, -0.3352316378540076, 0.06378463050062111, -0.02351703499674353, 0.25052549465264484, 0.535006377782449, -0.4469882330594498], [-0.26385377717440633, -0.259984006650583, 0.19333814720347967, -0.03709563621663435, -0.5338249344000247, -0.031736413499632535, -0.16982213183691597, 0.6665475194484582, 0.2548182930889764], [-0.269094614057665, 0.5396995855057352, -0.4013498517528803, -0.009270121941180941, -0.6230281320054502, 0.008036916843336005, -0.03779254420049313, -0.29220732703070273, 0.010137246031809558]], "dtype": "float64", "shape": [9, 9], "Corder": true}, {"__ndarray__": [[27.71469591899025, 0.0, 0.0, 0.0, 0.0, 0.0, 0.0, 0.0, 0.0], [0.0, 25.509772772888216, 0.0, 0.0, 0.0, 0.0, 0.0, 0.0, 0.0], [0.0, 0.0, 22.96289735081541, 0.0, 0.0, 0.0, 0.0, 0.0, 0.0], [0.0, 0.0, 0.0, 19.02056706243422, 0.0, 0.0, 0.0, 0.0, 0.0], [0.0, 0.0, 0.0, 0.0, 15.245318474171594, 0.0, 0.0, 0.0, 0.0], [0.0, 0.0, 0.0, 0.0, 0.0, 13.342956545067967, 0.0, 0.0, 0.0], [0.0, 0.0, 0.0, 0.0, 0.0, 0.0, 11.626179134664632, 0.0, 0.0], [0.0, 0.0, 0.0, 0.0, 0.0, 0.0, 0.0, 5.348157422849682, 0.0], [0.0, 0.0, 0.0, 0.0, 0.0, 0.0, 0.0, 0.0, 2.201236752257782]], "dtype": "float64", "shape": [9, 9], "Corder": true}, {"__ndarray__": [[0.6008142112298503, -0.31409336647705705, 0.17763274946424815, -0.36738279661889656, -0.08010877295704341, -0.1656134150315953, -0.13504691166593255, 0.5511855743155997, -0.13399889312370264], [-0.11755249101409575, 0.21000854072943373, -0.6592976163357185, -0.12539089714579874, -0.0716184078402718, -0.3295192416834286, -0.47540973644368534, 0.05706097620449721, -0.38561522427417705], [0.29610776050227866, 0.07098899311894298, -0.03563372931100813, 0.55644673342977, -0.6779734958396785, -0.11340463421246347, 0.24242109233720588, -0.034613300590279714, -0.2527909976786336], [-0.1532151630616602, -0.4970966492919439, 0.17590884168637386, -0.007483203010279301, -0.22950982263254913, 0.4804157611520572, -0.4590878794397763, -0.267893873790343, -0.363891804316798], [-0.17211079179755728, -0.5025818430351157, 0.020093568202084713, 0.37162805933574583, -0.018144399845333607, -0.5234980937691324, -0.3086630174338141, 0.018100918344634658, 0.45749122989142776], [-0.09226758935761753, 0.4606632134057841, 0.6837926734323807, 0.14096262029275955, 0.09676995948857092, -0.28946749327497656, -0.36884962924789916, 0.012626439790816419, -0.24993576076417526], [-0.30831533342048717, 0.22832913524343168, -0.03094758524433967, 0.137244370417495, -0.2895518828617141, 0.40526716419342657, -0.21899470997042778, 0.6672890962246776, 0.30281760641601846], [0.6126965704847632, 0.25175326647575713, -0.13149345337621623, 0.19121727905816407, 0.12582229110424725, 0.267764444836028, -0.45066663499970117, -0.2749087165463066, 0.3757184638151623], [-0.073879215033204, 0.15743013611866244, 0.12383506420883712, -0.5711743152158897, -0.6056115770815401, -0.16293678333401662, -0.06193739468947554, -0.3140647845089115, 0.3638621785096861]], "dtype": "float64", "shape": [9, 9], "Corder": true}], [{"__ndarray__": [[29, -15, -31, 14, -41, 35, -6, -25], [-15, 70, 33, 36, 48, -81, 25, -44], [-31, 33, 85, 46, 83, -73, 14, 7], [14, 36, 46, 88, 32, -46, 14, -56], [-41, 48, 83, 32, 91, -89, 19, 8], [35, -81, -73, -46, -89, 113, -30, 29], [-6, 25, 14, 14, 19, -30, 9, -15], [-25, -44, 7, -56, 8, 29, -15, 74]], "dtype": "int64", "shape": [8, 8], "Corder": true}, {"__ndarray__": [[145, -69, 23], [-69, 318, 53], [23, 53, 96]], "dtype": "int64", "shape": [3, 3], "Corder": true}, {"__ndarray__": [[-0.2979934795865904, -0.8227060570563314, -0.4841018795736089], [0.939415478825424, -0.16275050307194994, -0.3016800157336025], [0.16940615179820287, -0.5446714766101232, 0.8213613932370284]], "dtype": "float64", "shape": [3, 3], "Corder": true}, {"__ndarray__": [[18.693452503268325, 0.0, 0.0, 0.0, 0.0, 0.0, 0.0, 0.0], [0.0, 12.106911499669105, 0.0, 0.0, 0.0, 0.0, 0.0, 0.0], [0.0, 0.0, 7.935838169168455, 0.0, 0.0, 0.0, 0.0, 0.0]], "dtype": "float64", "shape": [3, 8], "Corder": true}, {"__ndarray__": [[-0.1551283308414479, 0.374101933595123, 0.4204013329737578, 0.3109125978464132, 0.4635293712449248, -0.552297005230195, 0.1414518836560513, -0.15059523432770625], [0.3561890685239473, 0.20554122306220562, -0.2568918292534983, 0.46108787279125124, -0.3239038308524371, 0.02912519893057368, 0.06403281558470372, -0.6651500164537558], [-0.17795244011989042, 0.48643826854765876, -0.4641379804164515, -0.6050830212472064, -0.09263518557132765, -0.3158750085629317, 0.14947445948753962, -0.13950017849975674], [-0.5382672119368361, -0.01925799509729165, -0.5822575450129297, 0.537964962377556, 0.04752183261208536, -0.03825863975929725, 0.00041021607000496464, 0.27882821295547217], [0.31694248856158275, -0.28784802605446785, -0.4127730663248484, -0.10072305880951771, 0.7699480292877775, 0.052516321693787636, 0.026375915805743635, -0.19972634578043222], [-0.0749746153835884, 0.6100333506886001, 0.07649908011217463, 0.03250219652270751, 0.2650891250059424, 0.7343529093996142, 0.05735637250387496, 0.049934185204281965], [-0.04362361188149029, -0.20127230523012363, 0.05000473177115337, 0.0022340094332692394, -0.06378936608283073, 0.10300961257865006, 0.9694053772979362, 0.025575898676393895], [0.6478341859784791, 0.2920612495885226, -0.15520053790628888, 0.1548968965628643, -0.04717979383123026, -0.20058877430858796, 0.09907650017327585, 0.6282140528705324]], "dtype": "float64", "shape": [8, 8], "Corder": true}], [{"__ndarray__": [[50, -39, 14, 11, -16, 9, -64, -19], [-39, 126, -118, 132, -75, -80, 35, 95], [14, -118, 171, -197, 32, 53, 40, -71], [11, 132, -197, 303, -52, -49, -38, -2], [-16, -75, 32, -52, 215, 99, -1, -154], [9, -80, 53, -49, 99, 101, -11, -122], [-64, 35, 40, -38, -1, -11, 143, -28], [-19, 95, -71, -2, -154, -122, -28, 251]], "dtype": "int64", "shape": [8, 8], "Corder": true}, {"__ndarray__": [[386, 37, 33, 252, -80], [37, 150, 18, -28, 5], [33, 18, 324, 12, 105], [252, -28, 12, 390, -7], [-80, 5, 105, -7, 110]], "dtype": "int64", "shape": [5, 5], "Corder": true}, {"__ndarray__": [[0.708586997066324, 0.023274018563178425, 0.4661820305565595, 0.3210838893237501, 0.4206450261816326], [0.014914454114988152, -0.08184143646424806, 0.6493119597861046, -0.734287983982609, -0.1797071890420734], [0.06580525378033171, -0.9198244712155751, 0.060446135816802485, 0.23165197828157952, -0.30377003859982865], [0.6950409751577085, 0.009290542576476882, -0.5340909502916712, -0.390310194734322, -0.28148985305593344], [-0.10133971617144169, -0.382879781797122, -0.2686287675329037, -0.3895145766722667, 0.7869245925950324]], "dtype": "float64", "shape": [5, 5], "Corder": true}, {"__ndarray__": [[25.465020976474857, 0.0, 0.0, 0.0, 0.0, 0.0, 0.0, 0.0], [0.0, 19.19249680334041, 0.0, 0.0, 0.0, 0.0, 0.0, 0.0], [0.0, 0.0, 14.113933217526785, 0.0, 0.0, 0.0, 0.0, 0.0], [0.0, 0.0, 0.0, 10.766209180563694, 0.0, 0.0, 0.0, 0.0], [0.0, 0.0, 0.0, 0.0, 5.297773318386067, 0.0, 0.0, 0.0]], "dtype": "float64", "shape": [5, 8], "Corder": true}, {"__ndarray__": [[0.02842432566895314, -0.397204663900831, 0.4300728779183261, -0.4994531577455511, 0.3753724658707357, 0.30368219314572775, 0.056016886171136614, -0.41320590687785974], [-0.04286505494703747, -0.03617625704475298, 0.31182377210301204, -0.5997743632372453, -0.4128500396674911, -0.228482571603491, 0.10732511543147721, 0.5529216876403488], [0.43176986099588505, -0.33014814693713246, -0.024016584271767144, 0.015761518941490606, -0.11061486589133328, 0.07987634914893689, -0.8138577706756899, 0.1509020073140899], [-0.28342106046357274, 0.11330996192662598, -0.3468423960279725, -0.27242230485148694, 0.6900846186554483, 0.0030051450875104467, -0.2030122886154784, 0.4414521423893447], [0.28947940027501134, -0.016172460361661884, 0.20525373611475847, 0.05302016137550749, 0.33808226498555016, -0.8586942339131952, -0.0009092362449501419, -0.13908149652934], [0.17982960967591305, 0.5910448856648126, 0.6342853348794703, 0.21227237297196366, 0.20699602055015426, 0.26157756083255135, -0.12220494600745606, 0.21153152615999096], [0.7835711644220894, 0.12233330039299313, -0.3376507896007181, -0.2035570739879182, 0.09681419959726371, 0.188260022087715, 0.3980325660364638, 0.11118681138947943], [0.021935199620477974, -0.5954172866772521, 0.19614222614667362, 0.4764963153597929, 0.18351557832146756, 0.08923639608340173, 0.3292418088250724, 0.4789940706973884]], "dtype": "float64", "shape": [8, 8], "Corder": true}], [{"__ndarray__": [[205, -62, 6, 88, 78, -20, -58, -26, 10], [-62, 174, -116, -22, -24, 37, 35, 144, -25], [6, -116, 353, 31, 56, -66, -136, -11, 157], [88, -22, 31, 117, 46, 121, 21, -35, 40], [78, -24, 56, 46, 175, -29, -85, 114, 87], [-20, 37, -66, 121, -29, 258, 131, -74, 2], [-58, 35, -136, 21, -85, 131, 222, -68, -89], [-26, 144, -11, -35, 114, -74, -68, 271, 77], [10, -25, 157, 40, 87, 2, -89, 77, 175]], "dtype": "int64", "shape": [9, 9], "Corder": true}, {"__ndarray__": [[319, -139, 33, 125, -16, -83, -34], [-139, 227, 32, 59, 3, 57, 24], [33, 32, 268, 89, -150, 50, 76], [125, 59, 89, 440, -80, -129, -14], [-16, 3, -150, -80, 348, 105, -24], [-83, 57, 50, -129, 105, 219, 66], [-34, 24, 76, -14, -24, 66, 129]], "dtype": "int64", "shape": [7, 7], "Corder": true}, {"__ndarray__": [[0.39696022197833286, -0.497110977158357, -0.21703080159684057, -0.45949306491608993, 0.3407025111023944, -0.47007201212357813, 0.00459514465927251], [-0.06421076737284148, 0.45930771083149924, 0.4946659592485403, 0.09229686540356595, 0.4835118914729346, -0.5061155585286221, 0.2043613802582149], [0.290754925791243, 0.48752394400476035, -0.26118210879606385, -0.4473385092907269, 0.16839531293475682, 0.4143485543595153, 0.457616034883339], [0.6659146540765137, 0.02581925512160338, 0.6149299808716269, -0.1071723965928035, -0.24280516461743643, 0.17721213720337375, -0.27551360410660275], [-0.4353108306700693, -0.3902753043918573, 0.5019186133989979, -0.445922067206601, -0.08903122754156469, 0.1886996808964983, 0.4048292898704314], [-0.3465255963523383, 0.27254742428647555, -0.00040103740044693286, -0.5430452930695295, 0.14472585499491197, 0.0482257407760097, -0.6981892768111619], [-0.027263490396119607, 0.27744181650041594, -0.09962825543813743, -0.2738705298092882, -0.7307219633813715, -0.5309022387572957, 0.14676549077786505]], "dtype": "float64", "shape": [7, 7], "Corder": true}, {"__ndarray__": [[25.839553737951324, 0.0, 0.0, 0.0, 0.0, 0.0, 0.0, 0.0, 0.0], [0.0, 21.459119587195215, 0.0, 0.0, 0.0, 0.0, 0.0, 0.0, 0.0], [0.0, 0.0, 18.509389135886646, 0.0, 0.0, 0.0, 0.0, 0.0, 0.0], [0.0, 0.0, 0.0, 16.562544393529873, 0.0, 0.0, 0.0, 0.0, 0.0], [0.0, 0.0, 0.0, 0.0, 9.529420908704205, 0.0, 0.0, 0.0, 0.0], [0.0, 0.0, 0.0, 0.0, 0.0, 8.346757311787593, 0.0, 0.0, 0.0], [0.0, 0.0, 0.0, 0.0, 0.0, 0.0, 6.665588174912037, 0.0, 0.0]], "dtype": "float64", "shape": [7, 9], "Corder": true}, {"__ndarray__": [[-0.15830069214660306, 0.18772151318550692, -0.5785338158642558, -0.016799559069554347, -0.31507187132852843, 0.32151219520768787, 0.47123130626992143, -0.2071341858078213, -0.3702891199603483], [-0.20179800962338829, 0.47468626995504964, -0.3224542277351533, -0.270526298977178, 0.12188755457502976, -0.2811381478570303, -0.10521327260887932, 0.6720192380945591, -0.014641644805564801], [-0.2521259482338374, -0.20409704558937494, 0.0843990132726127, -0.47547969937099244, -0.3728411671629476, -0.5869364321877488, -0.11731658486307682, -0.2850217586062031, -0.288213929104644], [-0.6893523108174364, 0.16482964100498831, 0.4679871873089792, -0.07312518315227826, -0.2415072269501913, 0.30171653390493935, 0.1736875396221891, 0.07536945102684767, 0.29674695963316033], [0.22480768628029024, 0.47451230814762135, 0.06322317103362611, 0.14165655269956606, -0.545632755249295, 0.1739751433371016, -0.5991986602116642, -0.103465098362712, -0.05009301596715672], [0.3850253550394565, 0.24728760037907715, 0.4636660808952398, 0.16394434208974923, -0.2435511991399064, -0.2728985220370753, 0.5488246631000542, 0.24019653280044664, -0.23674176156892132], [-0.23544551245834672, 0.07915187105586499, 0.2918763785267347, 0.10546297010107315, 0.39933381455843403, 0.19287919961562083, -0.21521376738426343, 0.01360216089845175, -0.7738309040224315], [-0.3448266083407227, -0.25519487422917486, -0.17506241949612972, 0.765761108161396, -0.22310247673304306, -0.31886700720111777, -0.08753863414401371, 0.1932542855022624, -0.04972068097257168], [-0.14940332320700933, 0.5593805803047214, -0.019094999358218352, 0.22505159495262625, 0.3496603531414837, -0.37208130850180127, 0.09334429488864965, -0.5591386027442738, 0.17805385937666737]], "dtype": "float64", "shape": [9, 9], "Corder": true}], [{"__ndarray__": [[170, -71, -1, -70, -1, 7, -63, -70, -29], [-71, 277, -128, -53, -126, 104, -46, -35, 161], [-1, -128, 159, 1, 157, -102, 14, 58, 29], [-70, -53, 1, 395, -200, -39, 195, -98, -144], [-1, -126, 157, -200, 320, -107, -111, 141, 44], [7, 104, -102, -39, -107, 176, -30, -35, 109], [-63, -46, 14, 195, -111, -30, 258, -19, -118], [-70, -35, 58, -98, 141, -35, -19, 111, 26], [-29, 161, 29, -144, 44, 109, -118, 26, 328]], "dtype": "int64", "shape": [9, 9], "Corder": true}, {"__ndarray__": [[195, 72, 19, -115, 66, 116, -98], [72, 250, -13, -101, 196, -52, 26], [19, -13, 341, 33, -140, 123, -48], [-115, -101, 33, 262, -60, -147, 225], [66, 196, -140, -60, 414, -47, 39], [116, -52, 123, -147, -47, 372, -209], [-98, 26, -48, 225, 39, -209, 360]], "dtype": "int64", "shape": [7, 7], "Corder": true}, {"__ndarray__": [[0.2807492025544647, 0.21238744113455207, 0.16430676929923213, -0.08528155514200478, -0.7040710211829018, -0.5875464500017881, 0.029579862222831935], [-0.005888715432901259, 0.46453283081040936, 0.41944129119084006, 0.42425435215445906, -0.13905326273066432, 0.3608764214660034, -0.5279055015870052], [0.2235317086718347, -0.3724158666298376, 0.787382036709059, 0.16870683882431378, 0.2725590578503526, -0.14565106402270264, 0.25962445153563823], [-0.4321324566540989, -0.29792293058876346, 0.1795590310305897, -0.3518077742279518, 0.08809355553814881, -0.3517487936503973, -0.6610640085058057], [-0.09688474175490873, 0.7082643057195497, 0.19395864120919917, -0.4108238426865374, 0.45193058595676944, -0.20856135542166657, 0.18665407132094833], [0.5778874437391135, -0.09375234497585226, 0.10137622239161112, -0.6403323270982356, -0.06828706239093538, 0.4349099751289737, -0.2077117310844481], [-0.584037475341851, -0.03494774262334239, 0.31138927162596214, -0.2858371471843158, -0.44044851605787694, 0.3833684986963921, 0.37154599768712665]], "dtype": "float64", "shape": [7, 7], "Corder": true}, {"__ndarray__": [[28.38115508633591, 0.0, 0.0, 0.0, 0.0, 0.0, 0.0, 0.0, 0.0], [0.0, 25.797136948676783, 0.0, 0.0, 0.0, 0.0, 0.0, 0.0, 0.0], [0.0, 0.0, 17.547993856391727, 0.0, 0.0, 0.0, 0.0, 0.0, 0.0], [0.0, 0.0, 0.0, 13.611838239099079, 0.0, 0.0, 0.0, 0.0, 0.0], [0.0, 0.0, 0.0, 0.0, 11.128060866395836, 0.0, 0.0, 0.0, 0.0], [0.0, 0.0, 0.0, 0.0, 0.0, 9.38865092605073, 0.0, 0.0, 0.0], [0.0, 0.0, 0.0, 0.0, 0.0, 0.0, 4.2217327873468395, 0.0, 0.0]], "dtype": "float64", "shape": [7, 9], "Corder": true}, {"__ndarray__": [[-0.06395225211828749, -0.05095372596354217, -0.12713974175619777, 0.6288455821314337, -0.47282029238065165, -0.019924844838554553, 0.41709488073749884, -0.2107195616984492, -0.3733304777416337], [0.0467580445476432, -0.5730054103995217, 0.3579998837932549, 0.0808589583874798, 0.4263968904529274, -0.40085740804424475, 0.12600778699204446, 0.1647176972263094, -0.38634899384030735], [-0.6388763484058636, 0.22290425659425883, 0.2779756731642689, 0.2655788254314586, 0.16479575420081227, -0.09382694814905612, 0.315709488691045, 0.2959999060238803, 0.41364060974931005], [0.38721865902790037, -0.2620092246595215, 0.4281082450625481, 0.3724794454348955, -0.058313138147181906, 0.09282338157222608, -0.11404983378159089, -0.32269438902951225, 0.5746648014174127], [0.15146229321396973, -0.292890988300049, 0.029200796336718304, -0.3636005429099788, -0.052250349379841014, 0.5025219255507324, 0.6843390799161819, 0.14909661216300873, 0.11139048732864203], [-0.3159440472879098, -0.42493291395744204, -0.17495638912041553, 0.2916690142665077, 0.07831223125436228, 0.5963333219929686, -0.42179457504081747, 0.24192475707376124, -0.07580460104408795], [-0.08975291550126556, -0.3217585905283714, 0.08601224705389914, -0.21514448534981268, -0.7128954003686415, -0.3195097385171959, -0.1716769034146824, 0.40976686045732724, 0.16444574604202947], [0.4937955734572476, 0.09353736201134562, -0.43473724534356634, 0.34489845463870344, 0.1644825417627763, -0.1407053047076768, 0.08816276530955854, 0.5881119751430931, 0.1973940709077816], [-0.24692386433484778, -0.41485230502697884, -0.6060259245078499, -0.07889075114992741, 0.14117838806312033, -0.3024408871997112, 0.11831221431998172, -0.37706202458130034, 0.3547669946574205]], "dtype": "float64", "shape": [9, 9], "Corder": true}], [{"__ndarray__": [[215, 32, -78, -24, -19, 61, 37, 17], [32, 442, -58, 92, 96, -52, 27, -53], [-78, -58, 246, 114, 111, -113, 99, -90], [-24, 92, 114, 593, -34, -15, -45, 67], [-19, 96, 111, -34, 246, -170, 112, -73], [61, -52, -113, -15, -170, 332, -81, -4], [37, 27, 99, -45, 112, -81, 211, -102], [17, -53, -90, 67, -73, -4, -102, 116]], "dtype": "int64", "shape": [8, 8], "Corder": true}, {"__ndarray__": [[317, 73, -16, 57, -95, 54, 137, -60], [73, 261, 149, -57, 50, -19, 73, -130], [-16, 149, 210, -86, 111, 123, 70, -9], [57, -57, -86, 240, -146, -13, -105, 25], [-95, 50, 111, -146, 484, 68, -89, 102], [54, -19, 123, -13, 68, 237, 105, 147], [137, 73, 70, -105, -89, 105, 341, -22], [-60, -130, -9, 25, 102, 147, -22, 311]], "dtype": "int64", "shape": [8, 8], "Corder": true}, {"__ndarray__": [[-0.26714087069519554, 0.40886942904554036, -0.2138776010445901, -0.5812848742206604, 0.47305341577337545, -0.07530528080449579, -0.3285836628260725, 0.20101783254668906], [0.08548668203468646, 0.4461323026200116, 0.37690538559068165, -0.2781713603694036, -0.28961669228871545, 0.5562996319740171, -0.06879228742087656, -0.4196921878488595], [0.311893541488