[[{"__ndarray__": [[39, -17, 21], [-17, 12, -20], [21, -20, 116]], "dtype": "int64", "shape": [3, 3], "Corder": true}, {"__ndarray__": [[99, 39, -18, 27], [39, 27, -18, -1], [-18, -18, 14, 8], [27, -1, 8, 27]], "dtype": "int64", "shape": [4, 4], "Corder": true}, {"__ndarray__": [[-0.8800829945987996, -0.1222915781174056, 0.4584932354758344, 0.01681206597847696], [-0.3771849655238196, 0.4613078212346732, -0.5806251616374284, -0.5547981772897461], [0.18583791179309034, -0.5003088369795764, 0.252863524973312, -0.8069791669669041], [-0.22056675846824236, -0.7224478746798395, -0.6234728642326643, 0.2017447917417262]], "dtype": "float64", "shape": [4, 4], "Corder": false}, {"__ndarray__": [[11.237535229556812, 0.0, 0.0], [0.0, 6.144028121506847, 0.0], [0.0, 0.0, 1.7229975062670861], [0.0, 0.0, 0.0]], "dtype": "float64", "shape": [4, 3], "Corder": true}, {"__ndarray__": [[0.2664482847762068, -0.2044748085776059, 0.941910486297381], [0.8855818195068424, -0.3338102018229866, -0.3229792410014106], [0.3804604480084199, 0.9201960670509564, 0.09213601730693523]], "dtype": "float64", "shape": [3, 3], "Corder": true}], [{"__ndarray__": [[354, -235, 173, 87, -169, -35, 200, 92, 68], [-235, 288, -2, -80, 86, 150, -192, -157, -151], [173, -2, 241, 20, -116, 18, 99, -96, -57], [87, -80, 20, 176, -29, -46, 25, -23, -18], [-169, 86, -116, -29, 385, -167, 33, -9, -94], [-35, 150, 18, -46, -167, 340, -167, -47, -90], [200, -192, 99, 25, 33, -167, 370, 37, -41], [92, -157, -96, -23, -9, -47, 37, 206, 138], [68, -151, -57, -18, -94, -90, -41, 138, 236]], "dtype": "int64", "shape": [9, 9], "Corder": true}, {"__ndarray__": [[274, 39, -40, 76, 16, 149, 72, -107], [39, 406, -23, 144, -277, 32, 181, 103], [-40, -23, 422, 139, 130, -99, -142, -1], [76, 144, 139, 214, -43, -64, -5, 20], [16, -277, 130, -43, 341, 23, -216, -245], [149, 32, -99, -64, 23, 284, 11, -111], [72, 181, -142, -5, -216, 11, 239, 73], [-107, 103, -1, 20, -245, -111, 73, 416]], "dtype": "int64", "shape": [8, 8], "Corder": true}, {"__ndarray__": [[-0.010326031905948625, 0.3927310368929537, -0.43376256868667984, -0.36467198922249516, -0.5669140591731108, 0.049515722374509644, -0.14159145418963204, -0.4250042151072934], [-0.5223596210853928, 0.01020902960156537, -0.4266353418196944, 0.24844237864659058, 0.4420648155704239, -0.13382136627346847, -0.4790014699829623, -0.20130326399362503], [0.23148545133737608, -0.5716387664080828, -0.4887753991884321, -0.21077751020527258, 0.18351620389268736, 0.5331897804000656, 0.11311160365247673, -0.07450693258579669], [-0.10224722179186951, -0.21538575887438136, -0.5123371289196584, 0.06954711331983142, -0.29447359218188535, -0.5088935204363494, 0.25289286557763335, 0.5159323916701877], [0.582178794088897, 0.022709507322078108, -0.059601926845107164, 0.01026622031950421, -0.0337131040883185, -0.06455185505991061, -0.7320267095651475, 0.34018778069084954], [0.030037048062254636, 0.506215673008478, -0.16008490552179247, -0.5442098636689456, 0.5230320464412257, -0.0027300646324721, 0.17903499697430938, 0.33974756872537143], [-0.3884568638046132, 0.208497764415965, -0.009359845843119217, 0.19791827093189082, -0.26933101959850364, 0.6485242190522043, -0.10582335297639024, 0.5119074678722177], [-0.41504298958007435, -0.41503597061030595, 0.3149197059910642, -0.6485255214920899, -0.12472354089397998, -0.10778692016852716, -0.3076445998554035, 0.1179216053959996]], "dtype": "float64", "shape": [8, 8], "Corder": false}, {"__ndarray__": [[31.12029140179698, 0.0, 0.0, 0.0, 0.0, 0.0, 0.0, 0.0, 0.0], [0.0, 25.215805515711445, 0.0, 0.0, 0.0, 0.0, 0.0, 0.0, 0.0], [0.0, 0.0, 22.214398051170065, 0.0, 0.0, 0.0, 0.0, 0.0, 0.0], [0.0, 0.0, 0.0, 14.225313268891117, 0.0, 0.0, 0.0, 0.0, 0.0], [0.0, 0.0, 0.0, 0.0, 13.04470936980664, 0.0, 0.0, 0.0, 0.0], [0.0, 0.0, 0.0, 0.0, 0.0, 10.180672154197072, 0.0, 0.0, 0.0], [0.0, 0.0, 0.0, 0.0, 0.0, 0.0, 4.218097463158563, 0.0, 0.0], [0.0, 0.0, 0.0, 0.0, 0.0, 0.0, 0.0, 2.061242980454134, 0.0]], "dtype": "float64", "shape": [8, 9], "Corder": true}, {"__ndarray__": [[0.5362867080212207, -0.5100539178660022, 0.17308342139210464, 0.14029425129488257, -0.20916223968087042, -0.2653908662004902, 0.43891676392151446, 0.2227239935987527, 0.21486312530361903], [0.24686678815848193, 0.09645305618859486, 0.31366509514880103, 0.025344936985527512, -0.6685089149855914, 0.5648773130658644, -0.21565461958890722, -0.13083336150327074, -0.03332577751055546], [0.11559746901199004, 0.19981067009653966, 0.448510263064845, 0.09625570722511907, 0.2087962160211081, -0.056240768778908413, 0.4405288856583876, -0.43564690556252583, -0.5528774680727085], [0.043033611251312685, 0.03529074400245369, -0.09745269350521113, -0.6868916504352354, 0.09307463675602567, 0.408839553255052, 0.41848993400753, 0.377929750861465, -0.14767570895875076], [0.12129876178947979, -0.18249164778474247, -0.44727894564586096, 0.5720828998844819, 0.14497380357211345, 0.4175397405700725, 0.05103132837753474, 0.21845902898274613, -0.42303750049054506], [0.5064284163178289, 0.15246127321840272, 0.36198833307628686, -0.011178371282501175, 0.5321329221297393, 0.08138545971615876, -0.45372947465791014, 0.3022939558629013, 0.04565302021148822], [0.1569380888399775, -0.25677355038169475, -0.15542300917010526, -0.06493729770171049, 0.3561847094101234, 0.408083428268741, 0.09624982530498714, -0.6105752268454308, 0.453430091116162], [0.22808632895111006, -0.4674918223445932, -0.20838225984338882, -0.40617565551082674, -0.07349997921869117, -0.21709563212109623, -0.4064480289566531, -0.2607938197241131, -0.48505671437389863], [0.5370313040370972, 0.5902060376237184, -0.5121761096344012, -0.04461547404814687, -0.14365095038059125, -0.21340777638138872, 0.09331116583921759, -0.14400008382564947, 0.05760062026219651]], "dtype": "float64", "shape": [9, 9], "Corder": true}], [{"__ndarray__": [[244, 123, -72, 48, -51, -2], [123, 338, -71, -43, -97, 192], [-72, -71, 211, 70, 113, 95], [48, -43, 70, 271, 20, 30], [-51, -97, 113, 20, 263, -51], [-2, 192, 95, 30, -51, 259]], "dtype": "int64", "shape": [6, 6], "Corder": true}, {"__ndarray__": [[208, 122, 148, -68, 128, 2, -20], [122, 262, 151, -136, 3, -59, -17], [148, 151, 252, -16, 4, -26, 58], [-68, -136, -16, 167, 20, -24, 65], [128, 3, 4, 20, 271, -53, -63], [2, -59, -26, -24, -53, 188, 138], [-20, -17, 58, 65, -63, 138, 238]], "dtype": "int64", "shape": [7, 7], "Corder": true}, {"__ndarray__": [[-0.5064276256509515, -0.02597126489900031, 0.3175325280819994, 0.2176126396725547, -0.37826793671042713, -0.6379697000884089, 0.21114548507515857], [-0.5651683101138512, -0.16788049620418796, -0.34342804232442825, -0.004510420001609236, 0.5648311883774261, -0.1917803385716494, -0.4226390735218391], [-0.478345135390319, -0.36118263175665777, 0.1438364705794312, -0.4633559952875144, -0.3758167811533556, 0.5100956694776011, -0.06252586914110395], [0.2806850318936264, 0.03441477327842631, 0.41825205677643296, -0.5723154513917392, 0.024444707542360403, -0.394849258441378, -0.5109288568216558], [-0.2540516226028525, 0.46191882883374363, 0.6533311215830626, 0.2093702421163569, 0.35497354751400845, 0.34887077932197336, -0.060780554534118056], [0.1770483852458626, -0.44943057404970593, 0.19157609481762133, 0.6034648854446665, -0.20950616841663772, 0.1196120830400486, -0.5546123649063998], [0.14362913309832176, -0.6512660876857669, 0.34937602315277455, -0.048732685611735896, 0.47554626055766636, -0.06398096217657663, 0.4478245923388961]], "dtype": "float64", "shape": [7, 7], "Corder": false}, {"__ndarray__": [[24.30673498867972, 0.0, 0.0, 0.0, 0.0, 0.0], [0.0, 20.036642604743754, 0.0, 0.0, 0.0, 0.0], [0.0, 0.0, 17.20717545009691, 0.0, 0.0, 0.0], [0.0, 0.0, 0.0, 14.225136006672008, 0.0, 0.0], [0.0, 0.0, 0.0, 0.0, 9.132248178683682, 0.0], [0.0, 0.0, 0.0, 0.0, 0.0, 3.4461934281253037], [0.0, 0.0, 0.0, 0.0, 0.0, 0.0]], "dtype": "float64", "shape": [7, 6], "Corder": true}, {"__ndarray__": [[0.34515554158100387, 0.7041560739875621, -0.23590608966246324, -0.08323338250441936, -0.409631850026636, 0.39326091074901054], [0.13503844357124978, -0.14921616857501435, -0.6055799434682951, -0.4050648878021311, -0.27990687374456996, -0.5919008908279932], [0.5877959643585204, -0.12296051351841246, -0.09363288903329858, 0.7568067134230418, -0.043118713179854815, -0.23663024654919096], [0.43864129130819535, 0.29643500805654405, 0.015476684245671628, -0.295293191860098, 0.7795022041195306, -0.15703127209770695], [0.5444858052530677, -0.3616527706363791, 0.5481992860943558, -0.4061326768009211, -0.3170041717937988, 0.08236885330289662], [0.16809878225321337, -0.49810945595024686, -0.5177761543280825, -0.06400327257358267, 0.2094739479890788, 0.638405724849721]], "dtype": "float64", "shape": [6, 6], "Corder": true}], [{"__ndarray__": [[242, 173, -156, 70, -54, -191, -61, 106], [173, 202, -161, 125, -140, -159, 39, 28], [-156, -161, 202, -72, 102, 166, -38, -52], [70, 125, -72, 167, -129, -88, -3, 53], [-54, -140, 102, -129, 201, 114, -97, 33], [-191, -159, 166, -88, 114, 199, 19, -87], [-61, 39, -38, -3, -97, 19, 164, -136], [106, 28, -52, 53, 33, -87, -136, 157]], "dtype": "int64", "shape": [8, 8], "Corder": true}, {"__ndarray__": [[162, -132, 83, -193, 75], [-132, 291, -22, 269, -211], [83, -22, 364, -110, -27], [-193, 269, -110, 428, -155], [75, -211, -27, -155, 289]], "dtype": "int64", "shape": [5, 5], "Corder": true}, {"__ndarray__": [[-0.33662119809141205, -0.13241849493252164, 0.21182934483592838, -0.9078925878527146, 0.003299815720673707], [0.5242556313155707, -0.22246804640779283, 0.0884544423431549, -0.14421723951188997, -0.8043887125132625], [-0.19582597714802533, -0.8666372681281912, -0.44661415337102256, 0.09497104786560889, 0.04591655737661304], [0.6465790358846755, 0.10155051874722532, -0.5186382731093184, -0.3740874047348876, 0.40335591948242583], [-0.3942460387345434, 0.4142470858808558, -0.6919929768220279, -0.07727580757064603, -0.4337552101988316]], "dtype": "float64", "shape": [5, 5], "Corder": false}, {"__ndarray__": [[29.570484617050393, 0.0, 0.0, 0.0, 0.0, 0.0, 0.0, 0.0], [0.0, 19.9205913448748, 0.0, 0.0, 0.0, 0.0, 0.0, 0.0], [0.0, 0.0, 12.626027223775042, 0.0, 0.0, 0.0, 0.0, 0.0], [0.0, 0.0, 0.0, 7.694790771099521, 0.0, 0.0, 0.0, 0.0], [0.0, 0.0, 0.0, 0.0, 6.643049865594727, 0.0, 0.0, 0.0]], "dtype": "float64", "shape": [5, 8], "Corder": true}, {"__ndarray__": [[0.4505043510742942, 0.45043561810668575, -0.41691692475671016, 0.2935971185102216, -0.3174903888527044, -0.45016268105358526, 0.004893741242920246, 0.17511155966221467], [0.294698266539338, -0.14816138260391695, 0.05928420269934209, -0.09952359925496855, 0.4583027194973636, -0.09820718633520593, -0.6170120167719033, 0.5266798932157525], [0.3015432319419209, 0.02799081478674983, -0.36551097974506275, -0.7174545018402337, 0.32936256754527754, -0.12743268962316473, 0.2668807868779379, -0.2529917179343673], [0.5076740365908797, 0.42579759136301626, 0.5761745941813746, 0.05918674618668842, 0.11754019355592324, 0.19857457774039933, -0.10170704401157005, -0.40235726292590224], [0.08446055422106849, -0.3371840329209992, 0.41665072619234916, -0.35077675564347727, -0.5081871402979593, -0.5438478793948511, -0.14574445369909764, -0.08523527155398573], [0.3043021162181824, -0.47848112249924785, 0.15740104603803204, 0.43168666307613696, 0.352888420691777, -0.281414411174977, 0.5134222667434062, 0.0009169744193989824], [0.31464513126383054, -0.061608201030151535, 0.2444128531771494, -0.15254326715317726, -0.19325347102628895, 0.3098227666232511, 0.5473646103606137, 0.617455028588167], [0.3445146880502843, -0.2964879066625839, -0.3382104637197609, -0.08219235471939712, -0.4591032682765258, 0.5726979351511752, -0.3367302100176891, -0.14183328160003467]], "dtype": "float64", "shape": [8, 8], "Corder": true}], [{"__ndarray__": [[114, -85, 95, 116, 112, 42, -19, 23, 55], [-85, 103, -109, -67, -44, -61, -7, -43, -41], [95, -109, 120, 77, 45, 55, 9, 57, 50], [116, -67, 77, 158, 134, 0, 33, 69, 89], [112, -44, 45, 134, 219, 54, -57, -105, 8], [42, -61, 55, 0, 54, 94, -65, -89, -37], [-19, -7, 9, 33, -57, -65, 154, 157, 69], [23, -43, 57, 69, -105, -89, 157, 286, 144], [55, -41, 50, 89, 8, -37, 69, 144, 95]], "dtype": "int64", "shape": [9, 9], "Corder": true}, {"__ndarray__": [[153, 42, 51, 108, -119], [42, 433, -55, -41, -132], [51, -55, 191, 225, 6], [108, -41, 225, 346, -97], [-119, -132, 6, -97, 220]], "dtype": "int64", "shape": [5, 5], "Corder": true}, {"__ndarray__": [[0.3296837387309877, -0.18311728329781937, 0.440421916033943, -0.8009638749582179, 0.14920489222170297], [-0.0336020639795461, -0.863374704203667, -0.49287484937684783, -0.07427007029673408, 0.07080509125347152], [0.483658549866041, 0.18331105537051318, -0.42494655203688053, -0.20927692841070814, -0.7128078698130187], [0.7547148737646072, 0.08931957220981508, -0.17355731154989076, 0.297471387122772, 0.5511951621608778], [-0.2943796870924073, 0.4236404745749168, -0.5936338991737928, -0.4697390432445098, 0.401015427549574]], "dtype": "float64", "shape": [5, 5], "Corder": false}, {"__ndarray__": [[24.021441977862523, 0.0, 0.0, 0.0, 0.0, 0.0, 0.0, 0.0, 0.0], [0.0, 22.860377931412188, 0.0, 0.0, 0.0, 0.0, 0.0, 0.0, 0.0], [0.0, 0.0, 13.214670010677834, 0.0, 0.0, 0.0, 0.0, 0.0, 0.0], [0.0, 0.0, 0.0, 7.766590496048111, 0.0, 0.0, 0.0, 0.0, 0.0], [0.0, 0.0, 0.0, 0.0, 2.9027598441438607, 0.0, 0.0, 0.0, 0.0]], "dtype": "float64", "shape": [5, 9], "Corder": true}, {"__ndarray__": [[0.3102583421320653, -0.28112170800582287, 0.32382402365400476, 0.4235278252629231, 0.1263378551016724, -0.05421650245710331, 0.2856536219676404, 0.5432840846155379, 0.3805473140725], [0.3237962285043985, -0.20039106538555546, 0.20018669820646093, 0.24967958411441332, 0.5647137361360512, 0.3121636517129568, -0.34095558086837785, -0.4602665999689881, -0.09022756814747479], [0.040518344855265453, -0.445642068118024, 0.45153188064260563, -0.35341264418161217, -0.4835404252202854, 0.44173554136368215, -0.15486180954295906, 0.07065237073963296, -0.11429919368684595], [0.22726606857820458, 0.1679475777658758, -0.0643989610253038, 0.036870642448083336, -0.19386269343054024, -0.23509817847911912, -0.8339342822780785, 0.24960055081166505, 0.25305405586045254], [0.17621127635883557, 0.059768138121051265, 0.5655671605592099, -0.052395281002783484, -0.0653829489811999, -0.6863886887990617, 0.055608612544381694, -0.20262237861330853, -0.3510176191338063], [0.3126468624258363, -0.48352193121451376, -0.3690281593585152, -0.03536870046796925, -0.29448807342951566, -0.2742020388395766, 0.13215973371232562, -0.4662456375270097, 0.3664213160470493], [0.3037057749703165, -0.3052282438523822, -0.3520525687787367, -0.3589346560175257, 0.32450717561217796, -0.11796728791456687, -0.03043948584101806, 0.4374766727007706, -0.5002897494782695], [0.013463804254376445, 0.21815825458343574, 0.040091697773430184, 0.6931031010354156, -0.5766825943089923, 0.16838289479536286, 0.05844456926644789, -0.3247967324850501, -0.02005368017400688], [0.49714977978571295, 0.6146721671359203, 0.11177106733813687, 0.12130880001134424, -0.35983814845981293, 0.31356102078835146, 0.2249928709603783, -0.22560805149183424, 0.13596630180892183]], "dtype": "float64", "shape": [9, 9], "Corder": true}], [{"__ndarray__": [[228, 24, 73, 106, -68, 83, -35, -41, -15], [24, 212, 59, -31, 17, 106, 46, -56, -2], [73, 59, 293, -123, 64, 32, 81, 141, -42], [106, -31, -123, 334, -153, 104, -5, -159, -146], [-68, 17, 64, -153, 212, -8, 2, 3, 48], [83, 106, 32, 104, -8, 188, 91, -107, -1], [-35, 46, 81, -5, 2, 91, 191, 16, 47], [-41, -56, 141, -159, 3, -107, 16, 191, 13], [-15, -2, -42, -146, 48, -1, 47, 13, 247]], "dtype": "int64", "shape": [9, 9], "Corder": true}, {"__ndarray__": [[210, -84, -23, -143, -165, -110, -51, -67], [-84, 283, 0, -2, 54, 38, -21, 99], [-23, 0, 356, -19, -73, 8, -133, -52], [-143, -2, -19, 246, 77, 105, 26, -70], [-165, 54, -73, 77, 273, 34, 71, 126], [-110, 38, 8, 105, 34, 249, 11, 68], [-51, -21, -133, 26, 71, 11, 272, 120], [-67, 99, -52, -70, 126, 68, 120, 207]], "dtype": "int64", "shape": [8, 8], "Corder": true}, {"__ndarray__": [[0.4399205670032405, 0.33645538772354094, 0.06519177626730185, -0.08515937795578749, -0.16821901321589872, 0.10711612539776502, -0.7933706843630792, 0.11205818095233255], [-0.25429520933139044, -0.18665462477753078, 0.6029872402517312, -0.5662353301684441, -0.03696830460944761, -0.4065029779710351, -0.1314636065624522, 0.1799553556509846], [0.2821149447895226, -0.6513274138120141, 0.2548048473530121, 0.5783702255494823, 0.07529617924515541, -0.21866535430642983, -0.1969868822295549, 0.0667701007428573], [-0.27277836365802155, -0.3345034242695287, -0.5771139828042273, -0.2066695348639577, 0.0630201528110959, -0.2912180366017736, -0.42849724313441834, -0.4068626375162097], [-0.5001916159914838, -0.01797782318913275, 0.03743969681937612, 0.13371297250203365, 0.5821674392527532, 0.4001924167575335, -0.31427332189715373, 0.3638181367652474], [-0.29513932531240317, -0.3256898165791065, -0.12105732720096973, 0.009453118948794676, -0.7426835246098017, 0.369026562538504, -0.06063216905786567, 0.3172365089226351], [-0.345158416025092, 0.4252279048238142, -0.12117920806152381, 0.4404974470576975, -0.18827689439221795, -0.6005899320944926, -0.06692931789251619, 0.30114532436454733], [-0.36245517968174423, 0.16918053226973667, 0.45103143259043227, 0.2879140417462027, -0.18641008492781547, 0.18334705272192117, -0.1547353993889041, -0.6792440182106413]], "dtype": "float64", "shape": [8, 8], "Corder": false}, {"__ndarray__": [[26.250629192875476, 0.0, 0.0, 0.0, 0.0, 0.0, 0.0, 0.0, 0.0], [0.0, 21.458012734738734, 0.0, 0.0, 0.0, 0.0, 0.0, 0.0, 0.0], [0.0, 0.0, 18.703695144032782, 0.0, 0.0, 0.0, 0.0, 0.0, 0.0], [0.0, 0.0, 0.0, 14.9080104512604, 0.0, 0.0, 0.0, 0.0, 0.0], [0.0, 0.0, 0.0, 0.0, 14.47274060656362, 0.0, 0.0, 0.0, 0.0], [0.0, 0.0, 0.0, 0.0, 0.0, 11.847544942179372, 0.0, 0.0, 0.0], [0.0, 0.0, 0.0, 0.0, 0.0, 0.0, 4.690367115622052, 0.0, 0.0], [0.0, 0.0, 0.0, 0.0, 0.0, 0.0, 0.0, 1.599088270544737, 0.0]], "dtype": "float64", "shape": [8, 9], "Corder": true}, {"__ndarray__": [[0.24332851307188577, 0.009907083477015886, -0.32191886557653376, 0.6732362775400433, -0.32577372369709656, 0.23770230239649973, -0.06971491932403398, -0.38909374816582415, -0.2548121358157664], [0.3387970804060951, 0.4428597256312888, 0.5792144162199192, 0.01178013232730706, 0.054821677621265115, 0.4707923672244454, 0.35295516484998796, -0.01587756292740898, -0.06311398794761618], [0.23311928624355227, -0.2941038959548697, 0.42693252390386055, 0.12418324014726898, -0.25475378472556187, -0.2909600722264879, -0.20873999181728348, 0.42444718846429397, -0.5368243523014811], [0.5618617733751352, -0.26006607027117196, -0.015084259739944084, -0.04677290000028854, -0.38061800819930414, -0.003820590297383513, 0.0038182237121747887, 0.15491910171098286, 0.6673549098223813], [0.44739091011287435, 0.210128824388859, 0.010637460065590446, -0.18514831687236244, 0.3823871726986636, -0.04905830608488198, -0.7145019273845639, -0.24771756646774087, -0.028116395548909483], [0.11563514037090879, -0.6843209015584024, 0.1516864048961626, 0.22022563809328835, 0.6038611877296647, 0.163530727716968, 0.17876879806106838, -0.14943680179178692, 0.033838543909240335], [0.24475644286917708, 0.22926698657571531, 0.04452546101843346, 0.18536459295754903, 0.15829560856931676, -0.7725657658627737, 0.3997185280497173, -0.2603712305932652, 0.04129094182684468], [0.14685040137286734, -0.2795616002294206, -0.0267148430955255, -0.6192994746670354, -0.2936367569622917, 0.022832421197551283, 0.20803283880671888, -0.5315049999324021, -0.32173849265686205], [0.4012152167926859, 0.08048845869779046, -0.5937692048789839, -0.16832664441202508, 0.24279245661942628, 0.10320660596060181, 0.2853973852867142, 0.4584893904152348, -0.30064640492077976]], "dtype": "float64", "shape": [9, 9], "Corder": true}], [{"__ndarray__": [[373, -115, 104, -92, -111, -82, 57, 226, -72], [-115, 302, -114, 67, 27, -44, 55, -61, -26], [104, -114, 403, 10, 30, 111, 108, 34, 98], [-92, 67, 10, 318, -172, -4, 107, -156, 36], [-111, 27, 30, -172, 285, 9, -16, -28, 129], [-82, -44, 111, -4, 9, 285, 66, -95, 28], [57, 55, 108, 107, -16, 66, 327, -53, 131], [226, -61, 34, -156, -28, -95, -53, 325, -6], [-72, -26, 98, 36, 129, 28, 131, -6, 269]], "dtype": "int64", "shape": [9, 9], "Corder": true}, {"__ndarray__": [[292, -51, -69, 107, -49, 92, -160, -18, -3], [-51, 248, 59, 99, 117, -35, 11, -3, 101], [-69, 59, 303, 67, 96, -153, -57, 78, 55], [107, 99, 67, 271, 100, -1, -13, -72, 146], [-49, 117, 96, 100, 447, -10, -162, 167, 4], [92, -35, -153, -1, -10, 421, -17, -36, -67], [-160, 11, -57, -13, -162, -17, 281, -124, 118], [-18, -3, 78, -72, 167, -36, -124, 201, -5], [-3, 101, 55, 146, 4, -67, 118, -5, 423]], "dtype": "int64", "shape": [9, 9], "Corder": true}, {"__ndarray__": [[0.10501261918190877, 0.26456915004808307, -0.488296889594653, -0.533793030559982, 0.07784149724097564, -0.12537219861635573, 0.11915918469675238, 0.2340621953248897, 0.5521278414793539], [-0.3102331007036371, -0.1488411213974544, -0.16295389021787046, 0.2718675480999041, -0.3740690064646951, -0.1641339139029891, 0.7755758023150559, 0.09837529796003193, 0.055432139467984275], [-0.4252398192010268, -0.0813984805681539, 0.19730370193855326, -0.2537150216788449, -0.12552094346405626, 0.792411469339338, 0.03770958638285102, -0.03037175552402673, 0.25145460837993777], [-0.26210098054780107, -0.12133747638915529, -0.5213796873665685, -0.1451854138310177, -0.3869929823466352, 0.05198338006540554, -0.36843608959460517, 0.31954355335191986, -0.4830586250534644], [-0.5907297990628223, 0.3665969948187454, -0.054981852747707, 0.4022432260571376, -0.012063470759924705, -0.23978712495978144, -0.384831377200595, -0.12622504813938648, 0.3607644474854581], [0.33374282155773805, 0.3237850463755219, -0.4666757039991067, 0.5292079316173373, 0.10557880376231606, 0.5173016077413174, 0.07739543485886613, -0.02591059145558614, -0.022857732834071495], [0.20205259640983142, -0.537032168899595, 0.07054139619518064, 0.3352316378540083, -0.06378463050062168, 0.023517034996743392, -0.2505254946526448, 0.5350063777824485, 0.4469882330594507], [-0.26385377717440645, 0.2599840066505831, 0.19333814720347908, 0.03709563621663476, 0.5338249344000247, 0.03173641349963349, 0.16982213183691608, 0.6665475194484582, -0.254818293088975], [-0.269094614057665, -0.5396995855057353, -0.40134985175288046, 0.009270121941181101, 0.62302813200545, -0.008036916843335573, 0.03779254420049214, -0.29220732703070257, -0.010137246031810068]], "dtype": "float64", "shape": [9, 9], "Corder": false}, {"__ndarray__": [[27.71469591899026, 0.0, 0.0, 0.0, 0.0, 0.0, 0.0, 0.0, 0.0], [0.0, 25.509772772888216, 0.0, 0.0, 0.0, 0.0, 0.0, 0.0, 0.0], [0.0, 0.0, 22.96289735081542, 0.0, 0.0, 0.0, 0.0, 0.0, 0.0], [0.0, 0.0, 0.0, 19.020567062434225, 0.0, 0.0, 0.0, 0.0, 0.0], [0.0, 0.0, 0.0, 0.0, 15.24531847417159, 0.0, 0.0, 0.0, 0.0], [0.0, 0.0, 0.0, 0.0, 0.0, 13.342956545067958, 0.0, 0.0, 0.0], [0.0, 0.0, 0.0, 0.0, 0.0, 0.0, 11.626179134664627, 0.0, 0.0], [0.0, 0.0, 0.0, 0.0, 0.0, 0.0, 0.0, 5.348157422849681, 0.0], [0.0, 0.0, 0.0, 0.0, 0.0, 0.0, 0.0, 0.0, 2.201236752257768]], "dtype": "float64", "shape": [9, 9], "Corder": true}, {"__ndarray__": [[0.6008142112298511, -0.31409336647705727, 0.17763274946424865, -0.3673827966188963, -0.08010877295704326, -0.16561341503159505, -0.13504691166593222, 0.5511855743155994, -0.13399889312370233], [0.11755249101409511, -0.2100085407294333, 0.659297616335718, 0.12539089714579857, 0.0716184078402726, 0.32951924168342883, 0.4754097364436858, -0.05706097620449704, 0.38561522427417777], [0.2961077605022786, 0.07098899311894212, -0.03563372931100694, 0.55644673342977, -0.6779734958396785, -0.11340463421246297, 0.24242109233720452, -0.03461330059028005, -0.25279099767863344], [0.15321516306166097, 0.4970966492919448, -0.17590884168637402, 0.0074832030102797145, 0.22950982263254804, -0.48041576115205703, 0.45908787943977697, 0.26789387379034274, 0.36389180431679674], [0.1721107917975575, 0.5025818430351148, -0.020093568202084675, -0.3716280593357456, 0.018144399845333573, 0.5234980937691324, 0.30866301743381397, -0.018100918344635425, -0.457491229891429], [0.09226758935761811, -0.46066321340578315, -0.6837926734323804, -0.14096262029276, -0.0967699594885705, 0.28946749327497634, 0.3688496292478996, -0.012626439790817116, 0.24993576076417462], [0.30831533342048706, -0.22832913524343204, 0.030947585244339736, -0.13724437041749424, 0.28955188286171424, -0.4052671641934267, 0.2189947099704272, -0.6672890962246774, -0.3028176064160182], [0.6126965704847633, 0.25175326647575674, -0.13149345337621587, 0.19121727905816502, 0.1258222911042488, 0.267764444836028, -0.4506666349997013, -0.2749087165463061, 0.3757184638151615], [0.07387921503320326, -0.1574301361186628, -0.12383506420883712, 0.5711743152158891, 0.6056115770815399, 0.16293678333401618, 0.06193739468947632, 0.31406478450891184, -0.3638621785096863]], "dtype": "float64", "shape": [9, 9], "Corder": true}], [{"__ndarray__": [[29, -15, -31, 14, -41, 35, -6, -25], [-15, 70, 33, 36, 48, -81, 25, -44], [-31, 33, 85, 46, 83, -73, 14, 7], [14, 36, 46, 88, 32, -46, 14, -56], [-41, 48, 83, 32, 91, -89, 19, 8], [35, -81, -73, -46, -89, 113, -30, 29], [-6, 25, 14, 14, 19, -30, 9, -15], [-25, -44, 7, -56, 8, 29, -15, 74]], "dtype": "int64", "shape": [8, 8], "Corder": true}, {"__ndarray__": [[145, -69, 23], [-69, 318, 53], [23, 53, 96]], "dtype": "int64", "shape": [3, 3], "Corder": true}, {"__ndarray__": [[0.29799347958659, -0.8227060570563316, 0.48410187957360873], [-0.9394154788254241, -0.1627505030719497, 0.30168001573360226], [-0.16940615179820281, -0.5446714766101228, -0.8213613932370286]], "dtype": "float64", "shape": [3, 3], "Corder": false}, {"__ndarray__": [[18.693452503268325, 0.0, 0.0, 0.0, 0.0, 0.0, 0.0, 0.0], [0.0, 12.106911499669112, 0.0, 0.0, 0.0, 0.0, 0.0, 0.0], [0.0, 0.0, 7.935838169168454, 0.0, 0.0, 0.0, 0.0, 0.0]], "dtype": "float64", "shape": [3, 8], "Corder": true}, {"__ndarray__": [[{"__complex__": [0.15512833084144836, 0.0]}, {"__complex__": [-0.3741019335951222, 0.0]}, {"__complex__": [-0.42040133297375815, 0.0]}, {"__complex__": [-0.3109125978464133, 0.0]}, {"__complex__": [-0.4635293712449249, 0.0]}, {"__complex__": [0.5522970052301945, 0.0]}, {"__complex__": [-0.1414518836560512, 0.0]}, {"__complex__": [0.15059523432770633, 0.0]}], [{"__complex__": [0.3561890685239473, 0.0]}, {"__complex__": [0.205541223062206, 0.0]}, {"__complex__": [-0.2568918292534981, 0.0]}, {"__complex__": [0.4610878727912507, 0.0]}, {"__complex__": [-0.32390383085243696, 0.0]}, {"__complex__": [0.029125198930573585, 0.0]}, {"__complex__": [0.06403281558470371, 0.0]}, {"__complex__": [-0.6651500164537559, 0.0]}], [{"__complex__": [0.17795244011989036, -0.0]}, {"__complex__": [-0.4864382685476586, 0.0]}, {"__complex__": [0.46413798041645155, -0.0]}, {"__complex__": [0.6050830212472068, -0.0]}, {"__complex__": [0.09263518557132748, -0.0]}, {"__complex__": [0.3158750085629321, -0.0]}, {"__complex__": [-0.1494744594875398, 0.0]}, {"__complex__": [0.13950017849975657, -0.0]}], [{"__complex__": [0.034203374013387106, -0.0]}, {"__complex__": [-0.14715508898795085, 0.0]}, {"__complex__": [0.16005694392651182, -0.0]}, {"__complex__": [-0.29042414631772634, 0.0]}, {"__complex__": [0.1089447629601942, -0.0]}, {"__complex__": [-0.14945865856097865, 0.0]}, {"__complex__": [-0.8063676529203022, 0.0]}, {"__complex__": [-0.42752246169771835, 0.0]}], [{"__complex__": [-0.11058151437816051, 0.05646228506466744]}, {"__complex__": [0.11946637274789437, -0.01704867045890707]}, {"__complex__": [-0.004231289643206488, -0.1437448453939796]}, {"__complex__": [0.23434194802668207, -0.0414696684197643]}, {"__complex__": [-0.46515252860421813, 0.2491277929453533]}, {"__complex__": [-0.280617074946852, -0.07192193784457875]}, {"__complex__": [-0.14719520250823634, -0.6119687486809875]}, {"__complex__": [0.3418370003124177, -0.13164174680552768]}], [{"__complex__": [-0.11058151437816051, -0.05646228506466744]}, {"__complex__": [0.11946637274789437, 0.01704867045890707]}, {"__complex__": [-0.004231289643206488, 0.1437448453939796]}, {"__complex__": [0.23434194802668207, 0.0414696684197643]}, {"__complex__": [-0.46515252860421813, -0.2491277929453533]}, {"__complex__": [-0.280617074946852, 0.07192193784457875]}, {"__complex__": [-0.14719520250823634, 0.6119687486809875]}, {"__complex__": [0.3418370003124177, 0.13164174680552768]}], [{"__complex__": [-0.09346416410446753, -0.313293326846995]}, {"__complex__": [0.36474485556419756, -0.4894436091318459]}, {"__complex__": [-0.08586694976241786, -0.18157261499144473]}, {"__complex__": [0.11224186485925088, 0.023163576162292938]}, {"__complex__": [0.11338836852748123, 0.05894351948960464]}, {"__complex__": [0.21200956361092044, -0.23717130082574867]}, {"__complex__": [-0.5197558360178945, 0.03443621369963339]}, {"__complex__": [0.07766298364139196, -0.26860433283004337]}], [{"__complex__": [-0.09346416410446753, 0.313293326846995]}, {"__complex__": [0.36474485556419756, 0.4894436091318459]}, {"__complex__": [-0.08586694976241786, 0.18157261499144473]}, {"__complex__": [0.11224186485925088, -0.023163576162292938]}, {"__complex__": [0.11338836852748123, -0.05894351948960464]}, {"__complex__": [0.21200956361092044, 0.23717130082574867]}, {"__complex__": [-0.5197558360178945, -0.03443621369963339]}, {"__complex__": [0.07766298364139196, 0.26860433283004337]}]], "dtype": "complex128", "shape": [8, 8], "Corder": true}], [{"__ndarray__": [[50, -39, 14, 11, -16, 9, -64, -19], [-39, 126, -118, 132, -75, -80, 35, 95], [14, -118, 171, -197, 32, 53, 40, -71], [11, 132, -197, 303, -52, -49, -38, -2], [-16, -75, 32, -52, 215, 99, -1, -154], [9, -80, 53, -49, 99, 101, -11, -122], [-64, 35, 40, -38, -1, -11, 143, -28], [-19, 95, -71, -2, -154, -122, -28, 251]], "dtype": "int64", "shape": [8, 8], "Corder": true}, {"__ndarray__": [[386, 37, 33, 252, -80], [37, 150, 18, -28, 5], [33, 18, 324, 12, 105], [252, -28, 12, 390, -7], [-80, 5, 105, -7, 110]], "dtype": "int64", "shape": [5, 5], "Corder": true}, {"__ndarray__": [[0.7085869970663243, -0.023274018563178428, 0.46618203055655966, -0.3210838893237491, 0.4206450261816333], [0.01491445411498791, 0.08184143646424838, 0.6493119597861051, 0.7342879839826085, -0.17970718904207603], [0.06580525378033168, 0.9198244712155748, 0.06044613581680199, -0.23165197828158055, -0.3037700385998281], [0.6950409751577088, -0.009290542576476872, -0.5340909502916712, 0.3903101947343215, -0.28148985305593466], [-0.1013397161714417, 0.38287978179712256, -0.26862876753290316, 0.3895145766722691, 0.7869245925950312]], "dtype": "float64", "shape": [5, 5], "Corder": false}, {"__ndarray__": [[25.46502097647484, 0.0, 0.0, 0.0, 0.0, 0.0, 0.0, 0.0], [0.0, 19.192496803340436, 0.0, 0.0, 0.0, 0.0, 0.0, 0.0], [0.0, 0.0, 14.113933217526794, 0.0, 0.0, 0.0, 0.0, 0.0], [0.0, 0.0, 0.0, 10.766209180563697, 0.0, 0.0, 0.0, 0.0], [0.0, 0.0, 0.0, 0.0, 5.297773318386065, 0.0, 0.0, 0.0]], "dtype": "float64", "shape": [5, 8], "Corder": true}, {"__ndarray__": [[0.02842432566895342, -0.3972046639008311, 0.4300728779183255, -0.4994531577455512, 0.37537246587073525, 0.3036821931457277, 0.05601688617113628, -0.41320590687785963], [0.04286505494703748, 0.0361762570447527, -0.3118237721030123, 0.5997743632372454, 0.41285003966749095, 0.2284825716034909, -0.1073251154314773, -0.5529216876403491], [0.4317698609958855, -0.3301481469371322, -0.024016584271766915, 0.015761518941491158, -0.1106148658913335, 0.07987634914893663, -0.8138577706756898, 0.15090200731408948], [0.2834210604635741, -0.11330996192662578, 0.34684239602797395, 0.2724223048514873, -0.690084618655446, -0.0030051450875164154, 0.20301228861547896, -0.4414521423893458], [0.28947940027500957, -0.016172460361660004, 0.20525373611475564, 0.05302016137550501, 0.33808226498555455, -0.8586942339131951, -0.0009092362449516213, -0.1390814965293377], [0.3490492825528253, -0.6087600961489004, -0.2116589698434415, 0.21596791784413139, 0.13011807589717503, 0.08193817664959578, 0.5023275034928423, 0.37437492357238383], [0.39830382880186904, 0.796695305112227, 0.020821310573656833, -0.3449768931190374, 0.0017246522271402145, 0.13876619158646067, -0.14583897507746546, -0.216009328524206], [0.08792173552618167, -0.2049403360809341, 0.5075834993561188, 0.5234460864336632, 0.2612644987473137, 0.20630863147274955, 0.2052490532358957, 0.5154443221800986]], "dtype": "float64", "shape": [8, 8], "Corder": true}], [{"__ndarray__": [[205, -62, 6, 88, 78, -20, -58, -26, 10], [-62, 174, -116, -22, -24, 37, 35, 144, -25], [6, -116, 353, 31, 56, -66, -136, -11, 157], [88, -22, 31, 117, 46, 121, 21, -35, 40], [78, -24, 56, 46, 175, -29, -85, 114, 87], [-20, 37, -66, 121, -29, 258, 131, -74, 2], [-58, 35, -136, 21, -85, 131, 222, -68, -89], [-26, 144, -11, -35, 114, -74, -68, 271, 77], [10, -25, 157, 40, 87, 2, -89, 77, 175]], "dtype": "int64", "shape": [9, 9], "Corder": true}, {"__ndarray__": [[319, -139, 33, 125, -16, -83, -34], [-139, 227, 32, 59, 3, 57, 24], [33, 32, 268, 89, -150, 50, 76], [125, 59, 89, 440, -80, -129, -14], [-16, 3, -150, -80, 348, 105, -24], [-83, 57, 50, -129, 105, 219, 66], [-34, 24, 76, -14, -24, 66, 129]], "dtype": "int64", "shape": [7, 7], "Corder": true}, {"__ndarray__": [[-0.39696022197833436, 0.4971109771583571, 0.2170308015968376, 0.4594930649160914, 0.3407025111023953, -0.47007201212357885, -0.004595144659273354], [0.064210767372843, -0.4593077108314994, -0.494665959248539, -0.09229686540356932, 0.48351189147293494, -0.5061155585286227, -0.20436138025821593], [-0.29075492579124207, -0.48752394400476046, 0.26118210879606063, 0.447338509290728, 0.16839531293475662, 0.41434855435951573, -0.45761603488333874], [-0.6659146540765141, -0.025819255121605447, -0.6149299808716276, 0.10717239659279916, -0.24280516461743645, 0.1772121372033731, 0.2755136041066032], [0.43531083067006826, 0.39027530439185787, -0.5019186133990015, 0.4459220672065975, -0.0890312275415649, 0.1886996808964993, -0.4048292898704313], [0.3465255963523386, -0.27254742428647516, 0.0004010374004432465, 0.5430452930695293, 0.1447258549949124, 0.04822574077600821, 0.6981892768111617], [0.02726349039612013, -0.27744181650041627, 0.0996282554381354, 0.2738705298092891, -0.7307219633813711, -0.5309022387572944, -0.14676549077786502]], "dtype": "float64", "shape": [7, 7], "Corder": false}, {"__ndarray__": [[25.839553737951313, 0.0, 0.0, 0.0, 0.0, 0.0, 0.0, 0.0, 0.0], [0.0, 21.459119587195207, 0.0, 0.0, 0.0, 0.0, 0.0, 0.0, 0.0], [0.0, 0.0, 18.50938913588664, 0.0, 0.0, 0.0, 0.0, 0.0, 0.0], [0.0, 0.0, 0.0, 16.562544393529862, 0.0, 0.0, 0.0, 0.0, 0.0], [0.0, 0.0, 0.0, 0.0, 9.5294209087042, 0.0, 0.0, 0.0, 0.0], [0.0, 0.0, 0.0, 0.0, 0.0, 8.346757311787595, 0.0, 0.0, 0.0], [0.0, 0.0, 0.0, 0.0, 0.0, 0.0, 6.665588174912035, 0.0, 0.0]], "dtype": "float64", "shape": [7, 9], "Corder": true}, {"__ndarray__": [[0.15830069214660245, -0.187721513185506, 0.578533815864255, 0.016799559069553962, 0.31507187132852876, -0.3215121952076885, -0.4712313062699216, 0.20713418580782253, 0.3702891199603485], [0.20179800962338887, -0.4746862699550499, 0.32245422773515386, 0.27052629897717756, -0.1218875545750298, 0.28113814785702945, 0.10521327260887836, -0.6720192380945592, 0.014641644805564858], [0.25212594823383255, 0.20409704558937558, -0.08439901327260999, 0.47547969937099144, 0.372841167162946, 0.5869364321877507, 0.11731658486307814, 0.2850217586062034, 0.2882139291046458], [0.6893523108174379, -0.16482964100498632, -0.46798718730898003, 0.07312518315228123, 0.24150722695019367, -0.30171653390493547, -0.17368753962218814, -0.07536945102684539, -0.2967469596331583], [0.22480768628029077, 0.4745123081476216, 0.06322317103362704, 0.14165655269956656, -0.5456327552492957, 0.17397514333710143, -0.5991986602116633, -0.10346509836271096, -0.05009301596715724], [0.3850253550394559, 0.24728760037907624, 0.46366608089524, 0.16394434208974903, -0.24355119913990486, -0.27289852203707543, 0.5488246631000554, 0.2401965328004467, -0.23674176156892163], [0.23544551245834677, -0.07915187105586474, -0.2918763785267341, -0.10546297010107294, -0.39933381455843425, -0.19287919961562117, 0.215213767384264, -0.013602160898451619, 0.7738309040224312], [0.37471591602381, -0.03495085120088143, 0.16378323261456815, -0.7823892588703248, 0.0344074383410839, 0.4555397351750449, 0.033939927132461155, 0.08963876379755674, -0.039002202911894455], [0.009581402696032448, 0.6148299148750287, 0.05634865918013073, -0.11809717677665559, 0.41107859955283305, -0.20334361046892652, 0.1215149345995934, -0.5885442958467387, 0.18244383110917212]], "dtype": "float64", "shape": [9, 9], "Corder": true}], [{"__ndarray__": [[170, -71, -1, -70, -1, 7, -63, -70, -29], [-71, 277, -128, -53, -126, 104, -46, -35, 161], [-1, -128, 159, 1, 157, -102, 14, 58, 29], [-70, -53, 1, 395, -200, -39, 195, -98, -144], [-1, -126, 157, -200, 320, -107, -111, 141, 44], [7, 104, -102, -39, -107, 176, -30, -35, 109], [-63, -46, 14, 195, -111, -30, 258, -19, -118], [-70, -35, 58, -98, 141, -35, -19, 111, 26], [-29, 161, 29, -144, 44, 109, -118, 26, 328]], "dtype": "int64", "shape": [9, 9], "Corder": true}, {"__ndarray__": [[195, 72, 19, -115, 66, 116, -98], [72, 250, -13, -101, 196, -52, 26], [19, -13, 341, 33, -140, 123, -48], [-115, -101, 33, 262, -60, -147, 225], [66, 196, -140, -60, 414, -47, 39], [116, -52, 123, -147, -47, 372, -209], [-98, 26, -48, 225, 39, -209, 360]], "dtype": "int64", "shape": [7, 7], "Corder": true}, {"__ndarray__": [[-0.28074920255446556, 0.21238744113455182, -0.16430676929923102, -0.0852815551420043, -0.7040710211829007, 0.5875464500017886, -0.02957986222283169], [0.005888715432899263, 0.4645328308104117, -0.4194412911908372, 0.42425435215445934, -0.13905326273066546, -0.36087642146600385, 0.5279055015870052], [-0.22353170867183278, -0.3724158666298342, -0.7873820367090608, 0.16870683882431492, 0.2725590578503524, 0.14565106402270253, -0.2596244515356383], [0.43213245665410016, -0.2979229305887612, -0.17955903103059193, -0.35180777422795145, 0.08809355553814958, 0.3517487936503965, 0.6610640085058055], [0.09688474175490557, 0.7082643057195511, -0.19395864120919612, -0.4108238426865368, 0.45193058595677005, 0.20856135542166665, -0.18665407132094808], [-0.5778874437391132, -0.09375234497585389, -0.10137622239161263, -0.6403323270982361, -0.06828706239093621, -0.4349099751289736, 0.2077117310844478], [0.5840374753418516, -0.034947742623338274, -0.31138927162596225, -0.28583714718431563, -0.4404485160578774, -0.38336849869639156, -0.37154599768712665]], "dtype": "float64", "shape": [7, 7], "Corder": false}, {"__ndarray__": [[28.381155086335934, 0.0, 0.0, 0.0, 0.0, 0.0, 0.0, 0.0, 0.0], [0.0, 25.797136948676773, 0.0, 0.0, 0.0, 0.0, 0.0, 0.0, 0.0], [0.0, 0.0, 17.54799385639176, 0.0, 0.0, 0.0, 0.0, 0.0, 0.0], [0.0, 0.0, 0.0, 13.61183823909908, 0.0, 0.0, 0.0, 0.0, 0.0], [0.0, 0.0, 0.0, 0.0, 11.128060866395838, 0.0, 0.0, 0.0, 0.0], [0.0, 0.0, 0.0, 0.0, 0.0, 9.38865092605073, 0.0, 0.0, 0.0], [0.0, 0.0, 0.0, 0.0, 0.0, 0.0, 4.2217327873468395, 0.0, 0.0]], "dtype": "float64", "shape": [7, 9], "Corder": true}, {"__ndarray__": [[0.06395225211828778, 0.050953725963542654, 0.1271397417561977, -0.6288455821314334, 0.47282029238065154, 0.019924844838554865, -0.4170948807374991, 0.21071956169844897, 0.3733304777416343], [0.046758044547638364, -0.5730054103995194, 0.357999883793257, 0.08085895838748203, 0.42639689045292845, -0.40085740804424586, 0.12600778699204754, 0.16471769722631174, -0.3863489938403041], [0.6388763484058645, -0.22290425659426383, -0.27797567316426547, -0.2655788254314576, -0.16479575420080886, 0.09382694814905278, -0.3157094886910441, -0.29599990602387966, -0.41364060974931255], [0.3872186590278993, -0.26200922465952114, 0.42810824506254824, 0.3724794454348965, -0.05831313814718134, 0.09282338157222646, -0.11404983378159053, -0.32269438902951203, 0.5746648014174135], [0.15146229321397023, -0.2928909883000477, 0.029200796336718363, -0.36360054290998006, -0.05225034937984137, 0.5025219255507309, 0.6843390799161826, 0.