[[{"__ndarray__": [702.6025198051547, 3.5461667968937585, 271.0024406790334, 57.700728577770555, 214.61595059855847, 134.73545915851844, 162.796734384071], "dtype": "float64", "shape": [7]}, {"__ndarray__": [[0.4249089679523819, -0.22393328469457788, -0.5246787493488353, -0.04270656297081941, 0.6397418497094296, 0.2719717884069982, 0.09463785955713654], [0.37716871516158273, -0.070982716203957, -0.5202166219727204, -0.2299593652859911, -0.5642787457869564, -0.4225567154287939, 0.17953799080794583], [0.48383549500183054, -0.4606732859294795, 0.3465355445708033, 0.5111638558361313, 0.01130424525536128, -0.32190172733152983, -0.2618386110244421], [0.06971717445738485, -0.1310926212632854, 0.13092270637200737, -0.7020067254883698, 0.1261005363984307, -0.1424832679861996, -0.6571127875983893], [0.45751147009920984, -0.043840808337242465, 0.5384205023563067, -0.38598931854288376, -0.1102516014170159, 0.3170859545678733, 0.48700916692188057], [0.037696432707684545, 0.3806440497893122, 0.16282768943949108, -0.09570901445928265, 0.4865054873149793, -0.6977332447119492, 0.3074032277974424], [0.47697074575679127, 0.754054558484856, -0.02120716163136385, 0.18178267292113304, -0.08630021286236554, 0.19020983539552977, -0.35605959953401667]], "dtype": "float64", "shape": [7, 7], "Corder": true}, {"__ndarray__": [301.0, 242.74086378737542, 203.71704646547596, 97.72373003857817, 167.03350203746896, 122.53196747108773, 6.160602172160948], "dtype": "float64", "shape": [7]}, {"__ndarray__": [[1.0, 0.0, 0.0, 0.0, 0.0, 0.0, 0.0], [-0.3222591362126246, 1.0, 0.0, 0.0, 0.0, 0.0, 0.0], [-0.26578073089701, 0.23160199822076233, 1.0, 0.0, 0.0, 0.0, 0.0], [-0.019933554817275746, -0.07799904194894956, 0.25913572604572266, 1.0, 0.0, 0.0, 0.0], [0.2159468438538206, -0.16088414425511532, -0.656201657204305, 0.377499887829953, 1.0, 0.0, 0.0], [0.11295681063122924, 0.1357695202901526, -0.20418673384667868, 0.09237707843067179, -0.07030561011194729, 1.0, 0.0], [-0.4451827242524917, 0.2999794703346335, 0.5817910555254946, 0.1974507048255362, -0.10092918848600965, 0.4854446493912165, 1.0]], "dtype": "float64", "shape": [7, 7], "Corder": true}, "+"], [{"__ndarray__": [867.3037513993047, 264.6942520549569, 112.69129449995816, 0.3840488962364941, 39.98730747792879, 51.93934567161574], "dtype": "float64", "shape": [6]}, {"__ndarray__": [[0.21506057523412853, -0.5640260902514755, -0.7569067753995444, -0.10461896350144798, -0.21925028292129908, 0.06082629172221533], [0.5101628493599645, -0.27073445809025276, 0.528944261121703, -0.4800319285946561, -0.3947860335672819, 0.0191839566258665], [0.4337113070375339, -0.39997840270628937, 0.16103358620601083, 0.28827555716721587, 0.6870614876123525, -0.266127185777371], [0.24385443567247087, 0.3393759230628311, -0.18242667333865348, 0.0491109346378188, -0.2629966990875989, -0.8488229251562018], [0.5413511645935041, 0.28348070181055046, -0.03146613148474662, 0.6248387014813621, -0.27743365015919136, 0.397736920280319], [0.39096195346452817, 0.5030480838180243, -0.2951417922258508, -0.5316823641758248, 0.42176192266184814, 0.21543779382669484]], "dtype": "float64", "shape": [6, 6], "Corder": true}, {"__ndarray__": [191.0, 236.73821989528795, 47.5488422495964, 103.98288338319342, 79.88178994836053, -1.1554733280638825], "dtype": "float64", "shape": [6]}, {"__ndarray__": [[1.0, 0.0, 0.0, 0.0, 0.0, 0.0], [-0.49214659685863876, 1.0, 0.0, 0.0, 0.0, 0.0], [0.6282722513089005, -0.6756087312294048, 1.0, 0.0, 0.0, 0.0], [-0.05235602094240838, 0.3002410597784019, -0.056699578049651846, 1.0, 0.0, 0.0], [0.3403141361256545, -0.802618484198421, -0.19370460498898626, -0.6353943911123456, 0.8588811697584516, 1.0], [0.10471204188481675, -0.4357431939314859, 0.31001257665059234, -0.8380715712021347, 1.0, 0.0]], "dtype": "float64", "shape": [6, 6], "Corder": true}, "+"], [{"__ndarray__": [363.25525186379963, 293.66377520286574, 169.59778060627835, 51.17543907118495, 102.30775325587106], "dtype": "float64", "shape": [5]}, {"__ndarray__": [[0.2692825648014812, 0.1335399080750272, -0.6912620813459497, -0.6222218098628295, -0.2113072347780349], [0.03356919924230392, 0.5698666738860243, 0.16108289037383522, -0.29634058365211396, 0.7485717358849753], [0.7336107355071936, 0.072178054386613, -0.28338893302368384, 0.579084023077984, 0.20238088859641012], [0.16342548171559243, 0.715653278422374, 0.32160954650807494, 0.06878491154202306, -0.594111464750817], [0.6012215979410483, -0.37423225474785576, 0.5589875218255279, -0.4300611677095737, -0.032606013972600816]], "dtype": "float64", "shape": [5, 5], "Corder": true}, {"__ndarray__": [137.0, 162.0, 176.7936379201586, 167.50925158992987, 144.11578664208108], "dtype": "float64", "shape": [5]}, {"__ndarray__": [[1.0, 0.0, 0.0, 0.0, 0.0], [0.0, 1.0, 0.0, 0.0, 0.0], [0.6204379562043796, 0.12345679012345678, 1.0, 0.0, 0.0], [0.12408759124087591, 0.5185185185185185, 0.06834060612300759, 1.0, 0.0], [0.051094890510948905, 0.2222222222222222, -0.6832118596508755, 0.004294758902748025, 1.0]], "dtype": "float64", "shape": [5, 5], "Corder": true}, "+"], [{"__ndarray__": [601.0976461739276, 205.65365676710076, 53.72017155852931, 1.528525500442527], "dtype": "float64", "shape": [4]}, {"__ndarray__": [[0.5473129386769369, -0.3689722337805053, 0.6792466570004053, -0.3208301993416657], [0.43555139487561284, 0.5969253155502863, -0.3094046658331872, -0.5985347966808222], [0.5733224861873149, 0.3573926094920873, 0.07843721822224445, 0.7330889798039449], [0.42666714943937234, -0.6162874175534104, -0.6608633251376441, 0.037478367662496084]], "dtype": "float64", "shape": [4, 4], "Corder": true}, {"__ndarray__": [233.0, 160.51502145922746, -4.436363636363641, 61.17765188042406], "dtype": "float64", "shape": [4]}, {"__ndarray__": [[1.0, 0.0, 0.0, 0.0], [-0.37339055793991416, 1.0, 0.0, 0.0], [-0.703862660944206, 0.8146524064171123, -0.6851012536161981, 1.0], [-0.6995708154506438, -0.08636363636363638, 1.0, 0.0]], "dtype": "float64", "shape": [4, 4], "Corder": true}, "+"], [{"__ndarray__": [316.2794191212092, 267.47049422898874, 95.91180201380621, 1.7587737130955265, 40.579510922900816], "dtype": "float64", "shape": [5]}, {"__ndarray__": [[0.20990603133045493, -0.8773455097580867, 0.22202067230945505, -0.3250010325326074, 0.1768769754332598], [0.5318139287061006, 0.11143900611980384, 0.38075076601481855, -0.10072976906022836, -0.7413755195266534], [0.7204634069519745, 0.21575319673774687, 0.1321652373335004, 0.28775863923205103, 0.5780227962014078], [0.21470952078846844, 0.29770194051700644, -0.36547407788514136, -0.8460616648315176, 0.12602275188124315], [0.3285509156450802, -0.28752446353694017, -0.8091333163830123, 0.2925789933123214, -0.26283985178802566]], "dtype": "float64", "shape": [5, 5], "Corder": true}, {"__ndarray__": [226.0, 128.36283185840708, 89.28114443295416, -30.982424250380106, 7.216269829797184], "dtype": "float64", "shape": [5]}, {"__ndarray__": [[1.0, 0.0, 0.0, 0.0, 0.0], [-0.05309734513274336, 1.0, 0.0, 0.0, 0.0], [0.017699115044247787, -0.8942433643571183, 1.0, 0.0, 0.0], [0.2743362831858407, 0.24377800758359186, -0.41570535812877446, -0.41746512071195574, 1.0], [0.30973451327433627, -0.16580489486384006, 0.2433740559047986, 1.0, 0.0]], "dtype": "float64", "shape": [5, 5], "Corder": true}, "+"], [{"__ndarray__": [721.377226402499, 311.1231444580341, 18.580002416007474, 54.11387277295586, 79.76392394843499, 173.04183000206925], "dtype": "float64", "shape": [6]}, {"__ndarray__": [[0.04185373736031703, 0.417759724838802, 0.1817954123469145, 0.7219744460309909, -0.5177547805143448, 0.03685636381937327], [0.5260940480482806, 0.1996900837740946, 0.3226509734531767, 0.15881046735748147, 0.4990826307574864, -0.5522146643417488], [0.3415323341304097, 0.19530489921042904, 0.6272298112416398, -0.4504989272495056, -0.1899266501492779, 0.46127324774772405], [0.5213782280883508, -0.1529220433477025, -0.3510684853775398, 0.3362629001193295, 0.3079003008780704, 0.611273406284836], [0.5146417201042965, 0.20596826733510193, -0.5323218263240497, -0.3389958951237408, -0.471005164800981, -0.26942598950017493], [0.2610318471453701, -0.8256201309310761, 0.2506270796678966, 0.1503060091133359, -0.3607297075980817, -0.18623110050417482]], "dtype": "float64", "shape": [6, 6], "Corder": true}, {"__ndarray__": [106.0, 282.10377358490564, 120.69671939270309, 112.26992176092504, 60.84244981455362, 126.33578998345817], "dtype": "float64", "shape": [6]}, {"__ndarray__": [[1.0, 0.0, 0.0, 0.0, 0.0, 0.0], [0.2358490566037736, 1.0, 0.0, 0.0, 0.0, 0.0], [0.29245283018867924, 0.2931144032371334, 1.0, 0.0, 0.0, 0.0], [-0.009433962264150943, 0.5077416981573756, 0.9056415365868388, 1.0, 0.0, 0.0], [-0.4245283018867924, -0.7032404775440592, -0.46140107735965424, 0.08675101984697439, 1.0, 0.0], [-0.7452830188679245, 0.25746580610641073, 0.04817252827085493, 0.5977624432110638, -0.7658984355631978, 1.0]], "dtype": "float64", "shape": [6, 6], "Corder": true}, "+"], [{"__ndarray__": [567.6658375338548, 443.85172406733994, 193.7325225160858, 144.76901003814754, 23.679025739433673, 0.30188010513880004], "dtype": "float64", "shape": [6]}, {"__ndarray__": [[0.21593734995968475, -0.50578078256548, 0.6486171767671655, 0.43574328078797675, 0.29020565905162826, -0.05254605203982172], [0.15816648843832135, -0.5547030904900313, -0.6198542654203988, -0.02887905621324819, 0.26046956275701105, -0.46302282877352846], [0.5102924275844171, 0.473712872441595, 0.24084365150490916, -0.28698445117905463, 0.23624967573831426, -0.5648168763926197], [0.27519030301547776, 0.4062765460100442, -0.3485012241890998, 0.7834512049993558, 0.12290565022166929, 0.09410086373537137], [0.6271273731558406, -0.20928182648030616, -0.02264224458470232, -0.01400546717293282, -0.745885751684217, 0.07653754652212603], [0.4460242326851602, -0.056805643545404294, -0.12290243557951377, -0.3360681097875023, 0.4697563406950269, 0.6701624430004286]], "dtype": "float64", "shape": [6, 6], "Corder": true}, {"__ndarray__": [251.0, 209.64541832669323, 230.53672488170122, 171.6890422636151, 36.33754196092982, 0.6674362488170404], "dtype": "float64", "shape": [6]}, {"__ndarray__": [[1.0, 0.0, 0.0, 0.0, 0.0, 0.0], [-0.26294820717131473, 1.0, 0.0, 0.0, 0.0, 0.0], [-0.11952191235059761, 0.42505843674578586, 1.0, 0.0, 0.0, 0.0], [0.20318725099601592, -0.10775165808327472, -0.43942007438253816, 1.0, 0.0, 0.0], [-0.4581673306772908, 0.36137663670397746, -0.7762227628174359, 0.06346720363174799, 1.0, 0.0], [0.13545816733067728, -0.3055624180460272, 0.6909653416478492, 0.1466929972453229, 0.1039062192404202, 1.0]], "dtype": "float64", "shape": [6, 6], "Corder": true}, "+"], [{"__ndarray__": [0.2373200876024555, 106.06936793615867, 183.69331197623882], "dtype": "float64", "shape": [3]}, {"__ndarray__": [[0.30913130558921936, -0.8803650157115454, 0.3597155473647414], [0.5536932990252277, 0.47413344322540296, 0.6845591345017489], [0.7732150842548693, 0.012446570870502731, -0.6340217002235027]], "dtype": "float64", "shape": [3, 3], "Corder": true}, {"__ndarray__": [106.0, 109.99056603773585, 0.3966034822883491], "dtype": "float64", "shape": [3]}, {"__ndarray__": [[1.0, 0.0, 0.0], [0.009433962264150943, 1.0, 0.0], [-0.40566037735849053, -0.7145552791834635, 1.0]], "dtype": "float64", "shape": [3, 3], "Corder": true}, "+"], [{"__ndarray__": [767.9310844898015, 405.69609736284895, 237.38759247252895, 169.91139144722385, 37.70653421888833, 0.14354269973065906, 11.22375730897911], "dtype": "float64", "shape": [7]}, {"__ndarray__": [[0.33446523983193227, 0.1773430659339745, -0.05682104653003294, 0.22575802844472467, -0.656383708869151, 0.36897901839426706, 0.4852855162574589], [0.5852651117405884, 0.19028838046051413, -0.16788515130143902, -0.2231447314354528, -0.1249072928364383, 0.18898448526743206, -0.701397974455701], [0.22745792873693896, -0.11357838687447147, -0.8604070546076554, 0.19104722916678463, 0.21063425425603816, -0.2783332490558828, 0.19164370770460024], [0.06864448898575155, -0.31187186618923685, 0.0076024591109518655, 0.3556797301601423, 0.46991305103670233, 0.7415891179451449, -0.026178426058918697], [0.39274108335725416, -0.6246678039630222, 0.33053197484906705, 0.3915556661918952, -0.16891777703532687, -0.3874319930019332, -0.11975218332362682], [0.5404452309344806, 0.4193215140204314, 0.3445023820539308, -0.01591618884226591, 0.5094686486562752, -0.18012144581101716, 0.3480677588157103], [0.20693470205254968, -0.5060980744017077, -0.017163041750031874, -0.7633239563985997, 0.016793182087461785, 0.13478963790233822, 0.3156492963855865]], "dtype": "float64", "shape": [7, 7], "Corder": true}, {"__ndarray__": [157.0, 101.94904458598727, 182.8308759215294, 133.0053574522338, 44.42937595887973, 30.66436473333526, 1.439573724279436], "dtype": "float64", "shape": [7]}, {"__ndarray__": [[0.8089171974522293, -0.8324378358115707, -0.04865173519191384, 0.193152393765097, 1.0, 0.0, 0.0], [1.0, 0.0, 0.0, 0.0, 0.0, 0.0, 0.0], [-0.4140127388535032, 0.05679120329876302, 1.0, 0.0, 0.0, 0.0, 0.0], [-0.019108280254777073, -0.0322379107834562, -0.23944852208744494, 0.47281297967592234, -0.6662726216575122, -0.22954435145432078, 1.0], [0.445859872611465, -0.30713482444083473, -0.015894663426725953, 1.0, 0.0, 0.0, 0.0], [-0.9745222929936306, 0.3372485318005748, -0.492546621418669, -0.18547340662241665, 0.6530633393355965, 1.0, 0.0], [-0.07006369426751592, 1.0, 0.0, 0.0, 0.0, 0.0, 0.0]], "dtype": "float64", "shape": [7, 7], "Corder": true}, "+"], [{"__ndarray__": [241.7076517065382, 225.55041055523125, 1.6316164190916698, 42.25925141648672, 90.85106990265223], "dtype": "float64", "shape": [5]}, {"__ndarray__": [[0.25551305797604984, -0.4459864843888038, -0.3708675780501987, -0.7620840460806324, 0.13226594121993548], [0.1395200433752088, -0.26318734305632896, 0.03356563521133632, 0.018922113524600714, -0.9538248695143944], [0.4761520392091493, -0.642387896556393, 0.10250677036895275, 0.5310045257891023, 0.2610432560608265], [0.5864228175475613, 0.29814328048222677, 0.6867878658321406, -0.3083444354037802, 0.02156385550253989], [0.5870560018574514, 0.47987170458218814, -0.6157478193695046, 0.20451836855438918, -0.0641502742790732]], "dtype": "float64", "shape": [5, 5], "Corder": true}, {"__ndarray__": [87.0, 96.91954022988506, 91.22201138519925, -114.83034488496901, 3.866491170674896], "dtype": "float64", "shape": [5]}, {"__ndarray__": [[1.0, 0.0, 0.0, 0.0, 0.0], [-0.26436781609195403, 1.0, 0.0, 0.0, 0.0], [0.9195402298850575, -0.11195445920303605, 1.0, 0.0, 0.0], [-0.1839080459770115, -0.04364326375711575, -0.04122810666888547, -0.9119349954731163, 1.0], [-0.21839080459770116, -0.020872865275142316, 0.20000416025294337, 1.0, 0.0]], "dtype": "float64", "shape": [5, 5], "Corder": true}, "+"], [{"__ndarray__": [782.4745610731079, 759.301883598122, 405.3873820676451, 224.22289700973803, 244.66910987271078, 141.02155529634175, 74.53861074228877, 36.43669241148806, 21.947307928559116], "dtype": "float64", "shape": [9]}, {"__ndarray__": [[0.2570871221787468, -0.14869906509244327, 0.506225351912014, -0.32690131389364346, 0.04442681176702718, 0.4160740913900075, -0.6091861143370558, -0.0485298959624522, 0.010581109282218362], [0.034424388478610485, 0.5251543239568527, -0.07456504506299035, -0.7029252229194385, -0.29658926993352264, -0.26019433364717504, 0.011779818188384947, -0.06488763043334404, 0.2516915325236434], [0.4116402561853777, 0.45950416847268627, -0.3284364928248951, 0.20461203180868753, -0.1531733516767879, 0.09248625743674985, -0.2863284754557919, 0.08672813383665869, -0.5900424194324333], [0.06955969627133633, 0.5242502428393032, 0.44508475500091194, 0.0363248062848046, 0.6361616945227055, 0.03189743113040549, 0.3090584418740275, 0.12112840182804124, -0.07067420277572613], [0.08954458188887153, -0.16649450559054138, 0.5177243932617707, -0.08815688396861607, -0.5142910748004214, -0.10755281057355108, 0.4226277328233223, 0.18319447019657295, -0.44745260391415265], [0.49964788213632094, 0.0811312308567661, 0.20325362359694463, 0.36195066189847114, -0.16989746845242412, -0.15763065816082925, 0.1023680684494067, -0.6464958609064129, 0.2988322377461661], [0.42697372567368924, -0.11548785525482434, 0.055930881160255026, 0.1456607958801894, 0.02901136169313823, -0.467658208639156, -0.18621097164574646, 0.6448363799852097, 0.3316267779003979], [0.1630878520659575, -0.33662588179904823, -0.0878724996332449, -0.32877232691289626, 0.4142178001941531, -0.5467121624291963, -0.07153717869000492, -0.3076205011708048, -0.41719783539085953], [0.5402448269570729, -0.23486591938527906, -0.33467081683388306, -0.296239529107429, 0.12695976371956352, 0.44226314019419233, 0.47155793042457245, 0.09632831314665828, 0.09924525264836812]], "dtype": "float64", "shape": [9, 9], "Corder": true}, {"__ndarray__": [249.0, 351.08032128514054, 278.7134261430581, 321.13335884002396, 146.59799031274767, 78.68739663824947, 89.5173730444914, 85.95928734292558, 159.9258086784282], "dtype": "float64", "shape": [9]}, {"__ndarray__": [[1.0, 0.0, 0.0, 0.0, 0.0, 0.0, 0.0, 0.0, 0.0], [-0.14056224899598393, 1.0, 0.0, 0.0, 0.0, 0.0, 0.0, 0.0, 0.0], [-0.14056224899598393, 0.48729681190587865, 1.0, 0.0, 0.0, 0.0, 0.0, 0.0, 0.0], [-0.15261044176706826, -0.42537663437010265, -0.1850208470407512, 1.0, 0.0, 0.0, 0.0, 0.0, 0.0], [0.4738955823293172, -0.029661744014459104, -0.2344311676218474, 0.12296825441991795, 1.0, 0.0, 0.0, 0.0, 0.0], [0.36947791164658633, 0.04822750203045105, 0.6446799239346815, -0.051420247268380646, 0.5529215691487417, 1.0, 0.0, 0.0, 0.0], [-0.321285140562249, 0.09329779567370938, -0.4241144691682679, -0.09698856235619323, -0.2523775691814467, -0.60950930869602, 1.0, 0.0, 0.0], [-0.21285140562248994, 0.22658689758519315, 0.1391595736956958, -0.15904110573116653, 0.3059321215471707, -0.5678508879854447, 0.8057699433983498, 1.0, 0.0], [0.37751004016064255, -0.09623766000526203, 0.5119136999371514, 0.37483299376474694, -0.21761717971304495, 0.39074071055583004, -0.39960981906778653, -0.6282492046664131, 1.0]], "dtype": "float64", "shape": [9, 9], "Corder": true}, "+"], [{"__ndarray__": [915.5152038627173, 651.3026327746741, 514.6545956614932, 382.3889842780698, 217.44236264434073, 1.5562411504374123, 13.89844811966272, 65.7315498903031, 72.5099816182991], "dtype": "float64", "shape": [9]}, {"__ndarray__": [[0.5979379857265011, 0.0665950648024162, -0.23563817496556025, -0.014914969526631263, 0.19687816866172625, -0.3838618967209477, -0.5830254515869432, -0.22234181889170332, 0.08259495188075561], [0.008913340257853368, -0.322251040115098, -0.6337340953672299, -0.3745473122483446, -0.020216388304391292, -0.13330582319838774, 0.24526115425491674, -0.0017715509265370845, -0.5251998759834127], [0.07244002170569962, 0.41055481824324946, 0.09772576148142727, 0.1592011376671591, -0.5120192093037944, -0.5986118010443775, 0.3439722793894677, -0.17379289200418063, -0.14926888636166669], [0.13930104123943104, -0.2888322340127638, 0.4870292735934572, -0.08805438804005843, 0.50971121408516, -0.46653587060264706, 0.26221918264113947, 0.3005994250824405, -0.1250596557116209], [0.6546500491508913, 0.22677218957217887, 0.1050415729918481, -0.35976493732126585, -0.2306243415553136, 0.35032393138797646, 0.20447796751754654, 0.40195195791737026, 0.015877200834350243], [0.10500858363413924, -0.09548618054940387, -0.4464969282441364, 0.20268975676281453, 0.1335116705021999, -0.12732254492769585, 0.4583564055829302, 0.10787546531072567, 0.695448657412724], [0.40206029422915535, -0.281274391262934, 0.1461255007180207, 0.37597879524425387, 0.07879541551740127, 0.31823730293143054, 0.3250842392203985, -0.5876283985414497, -0.195061334828544], [0.01827122847674346, -0.6323545943955421, 0.2313475257028408, -0.316272763574957, -0.528286595103731, -0.135366806355957, -0.12302592619089221, -0.1522115454016097, 0.3324591082082943], [0.1271163769145179, -0.3165583570661019, -0.10411690773795262, 0.6438096100625784, -0.28731984744726086, -0.018728434226023993, -0.20033842726339635, 0.536953453934906, -0.21666366259532324]], "dtype": "float64", "shape": [9, 9], "Corder": true}, {"__ndarray__": [376.0, 338.1063829787234, -140.80762695865585, 119.68665885463452, -79.33312704356479, 68.61532738087988, 108.7290022851586, 20.33552102986099, 102.00914238141277], "dtype": "float64", "shape": [9]}, {"__ndarray__": [[1.0, 0.0, 0.0, 0.0, 0.0, 0.0, 0.0, 0.0, 0.0], [0.1702127659574468, 1.0, 0.0, 0.0, 0.0, 0.0, 0.0, 0.0, 0.0], [-0.05851063829787234, 0.39852746837832737, -0.9730531817048285, 0.773640146180083, 0.8153823819932657, 0.28914752519152576, -0.3405094372363405, 1.0, 0.0], [-0.05319148936170213, 0.24963815996475994, 1.0, 0.0, 0.0, 0.0, 0.0, 0.0, 0.0], [-0.9042553191489362, 0.24214964445283496, -0.4011004775707976, 1.0, 0.0, 0.0, 0.0, 0.0, 0.0], [0.2952127659574468, 0.2753759989931408, -0.13770013863228653, 0.757735932599353, 0.6931380598663113, 1.0, 0.0, 0.0, 0.0], [-0.5212765957446809, 0.19035932288716886, 0.3843399145681886, 0.07784818226100962, 1.0, 0.0, 0.0, 0.0, 0.0], [0.1622340425531915, -0.30281291296960544, 0.5300026948829402, 0.22286477113829387, -0.2776142885658506, -0.23241943474646717, 1.0, 0.0, 0.0], [0.11968085106382978, 0.03058334906550878, -0.0959609603972874, 0.12390679323716074, -0.6854115802715082, 0.6289137401245805, 0.09289981726164272, 0.20477713052396523, 1.0]], "dtype": "float64", "shape": [9, 9], "Corder": true}, "+"], [{"__ndarray__": [1125.6742652969742, 850.3987178546314, 367.33445660212897, 308.18488932007216, 211.98398505599422, 84.82063862820996, 0.5974946214204977, 12.010406574998843, 42.99514604557299], "dtype": "float64", "shape": [9]}, {"__ndarray__": [[0.24321120520353218, -0.4229622279490844, -0.1512903729445577, -0.2483636326154748, 0.19319999126762508, 0.5997290304965552, 0.331693655838376, 0.3996168179425608, -0.10325968859154287], [0.038330167194006386, 0.07078712882878058, -0.2762800820798782, -0.5031120543492296, -0.6517523839045236, -0.006024808895895325, -0.2704862882909593, 0.07968933182967368, -0.3996709492584481], [0.05947100772588095, -0.23813629998397684, 0.45791645842286666, -0.6041378447401534, 0.2174280225968131, -0.26381013901031314, 0.21094750747009408, -0.4183952475894943, -0.169292985560155], [0.3987319383981122, 0.34439242199861836, 0.3832891810421887, 0.13912536907532536, -0.3311293897016792, 0.5341137693607928, 0.12217037207132332, -0.3811039286141028, 0.03240741866798395], [0.5939153541727407, 0.31971517315361275, 0.16463104509724574, 0.05073619308757554, 0.04325562989306557, -0.4426604344121242, 0.21495026890163313, 0.49040331369468376, -0.17564418561229284], [0.4073592357855263, -0.07996890836904036, 0.091804747694676, -0.12784281064904957, 0.32454315439311876, 0.10727652438679713, -0.8149329028818894, 0.019205066683176557, 0.14686915348979668], [0.2117737260787611, -0.4426819182847732, -0.0788388862308316, 0.5114134817004035, -0.0078120036261855475, -0.09107115302864816, -0.07586698018546166, -0.27029909352562104, -0.6358088611851272], [0.40171411897633386, -0.43378747883285024, -0.24854761256980606, 0.015306094158958245, -0.361711999834734, -0.26385109308371757, 0.1347169128657743, -0.17898548304260964, 0.5812113021030798], [0.2279381695626318, 0.38474072126766606, -0.6638218749757626, -0.1419837726218029, 0.37798818620217944, 0.006900469412517838, 0.15221148513935776, -0.40951138424911265, -0.07354793978171413]], "dtype": "float64", "shape": [9, 9], "Corder": true}, {"__ndarray__": [287.0, 208.3170731707317, 213.2779032231087, 380.83451428981925, 173.44386154564995, -23.65290975890535, -80.49956030602554, 77.96976635860514, 4.808082335227722], "dtype": "float64", "shape": [9]}, {"__ndarray__": [[1.0, 0.0, 0.0, 0.0, 0.0, 0.0, 0.0, 0.0, 0.0], [-0.04878048780487805, 1.0, 0.0, 0.0, 0.0, 0.0, 0.0, 0.0, 0.0], [-0.4076655052264808, 0.011005737033134295, 1.0, 0.0, 0.0, 0.0, 0.0, 0.0, 0.0], [-0.12195121951219512, -0.11380400421496312, 0.07498490735728885, 1.0, 0.0, 0.0, 0.0, 0.0, 0.0], [0.059233449477351915, -0.08242594543964407, 0.014625472679297378, 0.9449909593844411, 1.0, 0.0, 0.0, 0.0, 0.0], [-0.5679442508710801, -0.15337782461070135, 0.13082541110100143, -0.4584838309921945, -0.4634646972505636, -0.2775246145637733, 0.15827792945218655, 0.04469167530482627, 1.0], [0.6236933797909407, 0.4115443156539047, 0.32365558628545005, -0.001549812690920783, 0.15573862493494858, -0.8045153665946937, -0.6637062953615936, 1.0, 0.0], [-0.8606271777003485, 0.20138157124458494, -0.21171946647409987, -0.14694514960164623, -0.37688087333075193, 0.1223356224611188, 1.0, 0.0, 0.0], [-0.04878048780487805, -0.34410490574874136, 0.5770949756596336, 0.1888106599343115, 0.8139259027564845, 1.0, 0.0, 0.0, 0.0]], "dtype": "float64", "shape": [9, 9], "Corder": true}, "+"], [{"__ndarray__": [792.322390414706, 501.6611096061038, 0.15156316899501837, 70.65845027084771, 258.0704434432264, 185.23159500506864, 158.90444809105276], "dtype": "float64", "shape": [7]}, {"__ndarray__": [[0.45172005460356424, 0.5989303220997272, -0.30679533430972533, -0.45395903834726203, 0.09927306288432296, -0.19912123738439466, 0.2958460202455931], [0.41550041946978267, -0.15567279984077395, 0.7957917848260513, -0.4014286604635965, -0.022547661878359063, 0.07325046760518389, -0.05312079170513884], [0.33912091450781, -0.023278021094869195, -0.27685006528545075, -0.02865112184436832, -0.717339759879448, 0.4882701806410216, -0.23238802301038256], [0.523113320567671, -0.3684047282832345, -0.08565446291689938, 0.45136511150589204, 0.17297435313020146, 0.1261116442181428, 0.5777014674316638], [0.4231087604029663, -0.27930590364853486, -0.1992437856809123, 0.10871314271900423, 0.03715499100598404, -0.6215124694522944, -0.5511735774542293], [0.182766354068501, 0.6343224011785688, 0.33102558523341913, 0.6355129067077497, 0.012433585544597585, 0.04128766385377089, -0.221173446137424], [0.14910831488623344, -0.020195101431895107, -0.1983264686606958, -0.11193600583185337, 0.666036723145593, 0.5591875936001433, -0.4113394332204173]], "dtype": "float64", "shape": [7, 7], "Corder": true}, {"__ndarray__": [380.0, 158.47105263157894, 206.44572311064616, 149.46209481935864, 130.86008995298263, 138.33826330380816, -0.9612569861755959], "dtype": "float64", "shape": [7]}, {"__ndarray__": [[1.0, 0.0, 0.0, 0.0, 0.0, 0.0, 0.0], [0.2868421052631579, 0.8249721848585995, -0.17673575877647565, -0.6556233216737567, 0.6604272630403935, 0.4166365283574499, 1.0], [-0.17894736842105263, -0.6783241169730484, 1.0, 0.0, 0.0, 0.0, 0.0], [0.23421052631578948, 1.0, 0.0, 0.0, 0.0, 0.0, 0.0], [-0.1631578947368421, -0.8595625965226921, -0.05367249157513835, 1.0, 0.0, 0.0, 0.0], [-0.5894736842105263, 0.4370049319982065, 0.2302320109749432, -0.6066990336138712, 0.975591058917987, 1.0, 0.0], [0.07368421052631578, 0.3342466663345456, 0.2459744263874829, -0.60108192253831, 1.0, 0.0, 0.0]], "dtype": "float64", "shape": [7, 7], "Corder": true}, "+"], [{"__ndarray__": [246.81994875414279, 155.29449136188325, 62.072492857188266, 3.8130670267859936], "dtype": "float64", "shape": [4]}, {"__ndarray__": [[0.4118151168300664, 0.20440028512528954, -0.885154484412997, 0.07162661317206621], [0.40181029647919514, 0.30312553366036354, 0.32183069305381423, 0.8019279278681612], [0.5172518916682278, 0.5348466155869401, 0.31654522309154876, -0.5883780248265206], [0.633567104385305, -0.7617575284032421, 0.11280809133206979, -0.07478319792452702]], "dtype": "float64", "shape": [4, 4], "Corder": true}, {"__ndarray__": [97.0, -63.30927835051546, -23.04347826086957, 64.10956116175537], "dtype": "float64", "shape": [4]}, {"__ndarray__": [[1.0, 0.0, 0.0, 0.0], [0.3402061855670103, -0.8177821201758672, -0.4509857960568159, 1.0], [-0.5360824742268041, 1.0, 0.0, 0.0], [-0.35051546391752575, 0.27536231884057977, 1.0, 0.0]], "dtype": "float64", "shape": [4, 4], "Corder": true}, "+"], [{"__ndarray__": [558.9591928004853, 351.49341336932565, 10.71686657112553, 39.864741312296445, 78.18930097880623, 213.7764849679618], "dtype": "float64", "shape": [6]}, {"__ndarray__": [[0.7996297480922322, 0.03948298791639946, 0.5092466326510389, -0.3042155945750766, 0.08365009760575855, 0.012520381488011618], [0.1349560817617909, 0.3411556963137036, -0.513734174924068, -0.44330545952410116, 0.1565435514909593, -0.6168072879157845], [0.3037971831414612, 0.32550279175177854, -0.5112844227263654, -0.08286486546997707, -0.3429750909824061, 0.6448604067476401], [0.1651901433239615, -0.6260728465618879, -0.38239666552100665, -0.11138521926352288, 0.6031531692228486, 0.2414899271832458], [0.23875964941170286, 0.43938435445680574, -0.06610468146060557, 0.7081188337308161, 0.492961402762011, -0.03349869643715661], [0.4071761778864053, -0.4371224050036499, -0.254433223092896, 0.4361508980724751, -0.49402446747716755, -0.37961495997481337]], "dtype": "float64", "shape": [6, 6], "Corder": true}, {"__ndarray__": [365.0, 132.7013698630137, 120.22171525311751, 53.99092487299201, 68.93913026653534, 64.73267780903522], "dtype": "float64", "shape": [6]}, {"__ndarray__": [[1.0, 0.0, 0.0, 0.0, 0.0, 0.0], [0.18356164383561643, 1.0, 0.0, 0.0, 0.0, 0.0], [-0.3780821917808219, 0.36421256916343214, 1.0, 0.0, 0.0, 0.0], [-0.18904109589041096, 0.7209100668923941, -0.706447590519004, 1.0, 0.0, 0.0], [0.29315068493150687, 0.371954744404988, -0.4036071075357471, 0.11790087151009851, 1.0, 0.0], [-0.452054794520548, 0.10766785035923694, -0.7285481737348016, -0.24759256778459493, 0.38121606847884393, 1.0]], "dtype": "float64", "shape": [6, 6], "Corder": true}, "+"], [{"__ndarray__": [409.110066841828, 320.7863721958411, 154.9109586246672, 6.189181797670388, 14.772874890612023, 50.2305456493812], "dtype": "float64", "shape": [6]}, {"__ndarray__": [[0.4263395355622168, 0.5042443703110673, 0.43453490179717014, 0.3202327154775759, 0.5177241563283972, 0.06755990259184613], [0.01574480319543454, 0.416669386112108, 0.4682562137980073, -0.1026080915843305, -0.7081377350972271, -0.30803793558852705], [0.4308568224678629, 0.2932161929928481, -0.6815334531388556, 0.4047687405405252, -0.3150971528761845, -0.027836412895069537], [0.46691928560029045, 0.14598169824042484, -0.19435334651536768, -0.8148041421460235, 0.16382981809837277, -0.179322340647144], [0.17812062619222552, 0.029688710036720353, 0.11137040355995168, -0.17767026368065228, -0.2791648019386681, 0.9195045116769847], [0.6185535735740525, -0.6811434695631549, 0.27794082017846305, 0.16616961667479038, -0.1626137583205655, -0.14875609254001468]], "dtype": "float64", "shape": [6, 6], "Corder": true}, {"__ndarray__": [190.0, -70.5, 141.87308697275103, 27.692663084945718, 40.98565295364382, -43.28775434002246], "dtype": "float64", "shape": [6]}, {"__ndarray__": [[1.0, 0.0, 0.0, 0.0, 0.0, 0.0], [0.5, -0.7730496453900709, -0.23214708559821928, 1.0, 0.0, 0.0], [0.39473684210526316, 0.5886524822695035, 1.0, 0.0, 0.0, 0.0], [0.4789473684210526, 0.5035460992907801, 0.5110214219186588, 0.36685323806132475, 0.1737666597918236, 1.0], [-0.23157894736842105, -0.2836879432624113, -0.010492583101363407, 0.6335659015187303, 1.0, 0.0], [0.07894736842105263, 1.0, 0.0, 0.0, 0.0, 0.0]], "dtype": "float64", "shape": [6, 6], "Corder": true}, "+"], [{"__ndarray__": [424.65936429843885, 395.23347816721986, 258.30887087381194, 0.3756276229495447, 73.89421837886748, 47.52844065871191], "dtype": "float64", "shape": [6]}, {"__ndarray__": [[0.28288138963077253, 0.540330907534364, -0.023599861334774222, -0.42969761599770284, -0.6565924390293565, 0.10821277246242345], [0.020677385883350136, -0.12300086336701259, 0.6483658493043373, -0.35083322295679703, 0.21739420330190518, 0.6274717275067795], [0.0817357108125563, 0.03356823113293006, -0.715571831271501, -0.4115958884025628, 0.41859270571132284, 0.36812820199314006], [0.5255274647563798, -0.5046924943631722, -0.1816192216923789, 0.3751971665712419, -0.36097227553106076, 0.4062596838561589], [0.7966881705644471, 0.10435775152030302, 0.18428744062798372, -0.07782706100134183, 0.41047842063196777, -0.38195022264487094], [0.044482371350533845, 0.652825717679514, 0.00862112697026159, 0.6132168196474613, 0.21820347980474064, 0.38486094975663476]], "dtype": "float64", "shape": [6, 6], "Corder": true}, {"__ndarray__": [182.0, 130.26923076923077, 74.42127462145179, 217.47076886107547, 149.93776609963928, 0.9941067705091188], "dtype": "float64", "shape": [6]}, {"__ndarray__": [[1.0, 0.0, 0.0, 0.0, 0.0, 0.0], [0.19230769230769232, 1.0, 0.0, 0.0, 0.0, 0.0], [-0.016483516483516484, -0.7862415116622379, 1.0, 0.0, 0.0, 0.0], [0.13186813186813187, 0.0029524653085326235, 0.5602968397022534, 1.0, 0.0, 0.0], [0.521978021978022, -0.35518157661647476, -0.4812179858471798, -0.5624895469884215, 1.0, 0.0], [0.7472527472527473, -0.08562149394744611, -0.3833293472088249, 0.5383846990135192, 0.1279141135302821, 1.0]], "dtype": "float64", "shape": [6, 6], "Corder": true}, "+"], [{"__ndarray__": [220.32449639557103, 0.02949174673257047, 88.64601185769624], "dtype": "float64", "shape": [3]}, {"__ndarray__": [[0.39025558246499487, 0.8740551023550591, 0.289358356371464], [0.9198281588406878, -0.3838532187762652, -0.08107320543096162], [0.04020868760178427, 0.29779923519409535, -0.9537813569991576]], "dtype": "float64", "shape": [3, 3], "Corder": true}, {"__ndarray__": [77.0, 66.0, 0.11334120425031037], "dtype": "float64", "shape": [3]}, {"__ndarray__": [[0.5324675324675325, -0.3419913419913422, 1.0], [1.0, 0.0, 0.0], [-0.27272727272727276, 1.0, 0.0]], "dtype": "float64", "shape": [3, 3], "Corder": true}, "+"], [{"__ndarray__": [234.5801004674706, 105.99607308918145, 0.007027608473083006, 7.416798834874753], "dtype": "float64", "shape": [4]}, {"__ndarray__": [[0.6791735045548751, -0.08589426595672292, -0.728200728775121, -0.03269899689267932], [0.610721126834075, 0.01731612759508311, 0.5416349489809161, 0.5773659489492514], [0.09692103180108398, -0.9328503483200237, 0.2127380195182832, -0.2741150785441442], [0.3954103811785674, 0.34944606799916517, 0.36207432345481444, -0.7684011063961845]], "dtype": "float64", "shape": [4, 4], "Corder": true}, {"__ndarray__": [109.0, 10.357798165137616, -31.966341895482753, -0.03591022443889741], "dtype": "float64", "shape": [4]}, {"__ndarray__": [[1.0, 0.0, 0.0, 0.0], [-0.8899082568807339, 0.35518157661647476, 0.672817955112219, 1.0], [0.22018348623853212, 1.0, 0.0, 0.0], [0.5504587155963303, -0.05845881310894567, 1.0, 0.0]], "dtype": "float64", "shape": [4, 4], "Corder": true}, "+"], [{"__ndarray__": [24.792644584522094, 46.45246821142326, 251.96676333372767, 218.788123870327], "dtype": "float64", "shape": [4]}, {"__ndarray__": [[0.44288686457709653, 0.26037976031250315, -0.8495785032093324, 0.11945699012306628], [0.14820128090050547, 0.9223250177057792, 0.35049152956197993, -0.06714633094062193], [0.3306030810592678, -0.12247543788596559, 0.003229536694696308, -0.9357835967794572], [0.8201153628110116, -0.25791221228991595, 0.39415938994603644, 0.32485451782367514]], "dtype": "float64", "shape": [4, 4], "Corder": true}, {"__ndarray__": [193.0, 50.777202072538856, 192.14816326530612, 33.71602271206531], "dtype": "float64", "shape": [4]}, {"__ndarray__": [[1.0, 0.0, 0.0, 0.0], [-0.3316062176165803, 1.0, 0.0, 0.0], [0.11917098445595856, -0.04673469387755101, 1.0, 0.0], [0.3626943005181347, 0.02387755102040818, -0.34496976185469114, 1.0]], "dtype": "float64", "shape": [4, 4], "Corder": true}, "+"], [{"__ndarray__": [528.0763561645076, 396.9085352063299, 33.2721607955916, 65.50449930219344, 127.31906136629067, 235.91938716508787], "dtype": "float64", "shape": [6]}, {"__ndarray__": [[0.7407234148150899, -0.21017534836911522, 0.32537902851530137, 0.5113155761504078, -0.1994585615644964, -0.007503151979708295], [0.4105883684400227, 0.6746393004163064, -0.5837720793995326, 0.012602424157477487, -0.11178909510810539, 0.15110771809993248], [0.22509977887274574, -0.6042019486514362, -0.3868947895349939, -0.3651853692021742, -0.11488185824817741, 0.5366789742425525], [0.20117155703771314, 0.1505445493322952, 0.34524430409752294, -0.6701218797642283, -0.557141354226577, -0.24125275431673132], [0.41465456687127455, -0.14082819433968563, -0.13516023532150004, -0.32823674713514633, 0.6457302512730269, -0.5150279614357529], [0.14024157304341459, 0.30517519699819173, 0.5159352190175734, -0.21962356591085266, 0.4551346977329109, 0.6046727596980745]], "dtype": "float64", "shape": [6, 6], "Corder": true}, {"__ndarray__": [333.0, 257.3663663663664, 150.41447790625767, 90.38622789654652, 143.49877636912464, 82.06542693352831], "dtype": "float64", "shape": [6]}, {"__ndarray__": [[1.0, 0.0, 0.0, 0.0, 0.0, 0.0], [-0.3033033033033033, 1.0, 0.0, 0.0, 0.0, 0.0], [-0.37237237237237236, -0.4764010594728305, 1.0, 0.0, 0.0, 0.0], [-0.18618618618618618, 0.2222325939582045, -0.12524881754455752, 1.0, 0.0, 0.0], [0.43843843843843844, 0.06715050815023978, 0.2965117758381602, -0.033981372340252815, 1.0, 0.0], [-0.04504504504504504, 0.4369275287912908, 0.3988042174011393, -0.4234027949724496, -0.0004287290096605945, 1.0]], "dtype": "float64", "shape": [6, 6], "Corder": true}, "+"], [{"__ndarray__": [230.60569998947733, 44.98781103341533, 11.406488977107307], "dtype": "float64", "shape": [3]}, {"__ndarray__": [[0.5548588194004261, 0.8114015933914684, 0.18373661794903887], [0.32286742786551803, -0.413558877665538, 0.8513082160578068], [0.7667387524816194, -0.41303330246580183, -0.4914419360383517]], "dtype": "float64", "shape": [3, 3], "Corder": true}, {"__ndarray__": [101.0, -37.26732673267327, 31.438894792773645], "dtype": "float64", "shape": [3]}, {"__ndarray__": [[1.0, 0.0, 0.0], [0.27722772277227725, -0.8650371944739639, 1.0], [-0.8118811881188119, 1.0, 0.0]], "dtype": "float64", "shape": [3, 3], "Corder": true}, "+"], [{"__ndarray__": [2.6220685842187237, 121.70679799874779, 307.07284740335984, 253.13183575285527, 225.46645026081882], "dtype": "float64", "shape": [5]}, {"__ndarray__": [[0.1814230329056859, 0.6546503360166611, -0.15224039221292307, -0.6971242913587394, -0.17134528315949174], [0.5263620942528843, -0.39184151852971755, -0.7513911465279437, -0.06890315082536862, 0.008177457783509019], [0.2995059899857369, -0.3009663201520932, 0.4159514167111386, -0.45799173425665635, 0.6610169637651881], [0.4469619906261564, -0.295917465604411, 0.46834801297228046, -0.0927270719482914, -0.6962109316569076], [0.6328900139543895, 0.4896379168262684, 0.14095660885248001, 0.5393656827092254, 0.22118054927878522]], "dtype": "float64", "shape": [5, 5], "Corder": true}, {"__ndarray__": [189.0, 192.64550264550263, 187.56385608349356, 127.88921689216892, 6.403615339531522], "dtype": "float64", "shape": [5]}, {"__ndarray__": [[1.0, 0.0, 0.0, 0.0, 0.0], [-0.08465608465608465, 1.0, 0.0, 0.0, 0.0], [0.06349206349206349, 0.37901675363911014, 1.0, 0.0, 0.0], [-0.010582010582010581, 0.4818731117824774, -0.30420254202542024, 1.0, 0.0], [-0.37566137566137564, 0.3010162043394672, -0.24776108475370465, -0.6789584761308765, 1.0]], "dtype": "float64", "shape": [5, 5], "Corder": true}, "+"], [{"__ndarray__": [631.1108382216528, 419.70870917375123, 225.38295055471565, 146.10694501232186, 4.0961053237108125, 47.980804879538965, 69.6136468343085], "dtype": "float64", "shape": [7]}, {"__ndarray__": [[0.19481552658158788, 0.31543091495800435, -0.33446459282597885, 0.3188397991263412, -0.3003523207637987, -0.7462981664975284, 0.043039484482835164], [0.24581938856318303, 0.5948653208610174, -0.23138586904055233, -0.3326343305649636, -0.44398093504757424, 0.4467872947237929, -0.1574328509840474], [0.5760348267766613, 0.03166746552305348, 0.3695138550336048, 0.2960461727090339, -0.08174424178719396, 0.19394369310697485, 0.631427705575967], [0.21831800621254766, 0.23232920439442095, 0.7365036542859577, -0.2786928368986963, 0.05677157459229234, -0.3398370395193395, -0.3994256297768874], [0.3939318643794773, 0.2490883059915091, -0.32915987441012484, -0.16293815325927746, 0.8039680351528256, -0.03681964061729228, 0.012543916967026478], [0.17301130559557168, -0.38417391136488976, -0.13622171856717705, -0.7508070984904509, -0.19199557455753938, -0.27923838672160295, 0.35408115021998793], [0.5805390940113733, -0.5310596218724964, -0.16945003506830808, 0.17922725790785615, -0.13977617029327957, 0.10481902440163404, -0