[{"A": {"__ndarray__": [[301, -97, -80, -6, 65, 34, -134], [-97, 274, 82, -17, -60, 22, 116], [-80, 82, 238, 50, -160, -43, 171], [-6, -17, 50, 113, 4, -5, 47], [65, -60, -160, 4, 289, 21, -128], [34, 22, -43, -5, 21, 141, 33], [-134, 116, 171, 47, -128, 33, 191]], "dtype": "int64", "shape": [7, 7], "Corder": true}}, {"A": {"__ndarray__": [[191, -94, 120, -10, 65, 20], [-94, 283, -219, 76, -222, -113], [120, -219, 231, -57, 160, 97], [-10, 76, -57, 126, -126, -120], [65, -222, 160, -126, 287, 222], [20, -113, 97, -120, 222, 219]], "dtype": "int64", "shape": [6, 6], "Corder": true}}, {"A": {"__ndarray__": [[137, 0, 85, 17, 7], [0, 162, 20, 84, 36], [85, 20, 232, 33, -112], [17, 84, 33, 214, 12], [7, 36, -112, 12, 235]], "dtype": "int64", "shape": [5, 5], "Corder": true}}, {"A": {"__ndarray__": [[233, -87, -164, -163], [-87, 193, 192, 47], [-164, 192, 225, 99], [-163, 47, 99, 211]], "dtype": "int64", "shape": [4, 4], "Corder": true}}, {"A": {"__ndarray__": [[226, -12, 4, 62, 70], [-12, 129, -115, 28, -25], [4, -115, 192, -64, 42], [62, 28, -64, 53, -26], [70, -25, 42, -26, 122]], "dtype": "int64", "shape": [5, 5], "Corder": true}}, {"A": {"__ndarray__": [[106, 25, 31, -1, -45, -79], [25, 288, 90, 143, -209, 54], [31, 90, 154, 151, -127, 4], [-1, 143, 151, 284, -141, 110], [-45, -209, -127, -141, 246, -61], [-79, 54, 4, 110, -61, 280]], "dtype": "int64", "shape": [6, 6], "Corder": true}}, {"A": {"__ndarray__": [[251, -66, -30, 51, -115, 34], [-66, 227, 97, -36, 106, -73], [-30, 97, 272, -117, -133, 128], [51, -36, -117, 229, 58, -31], [-115, 106, -133, 58, 256, -157], [34, -73, 128, -31, -157, 139]], "dtype": "int64", "shape": [6, 6], "Corder": true}}, {"A": {"__ndarray__": [[106, 1, -43], [1, 110, -79], [-43, -79, 74]], "dtype": "int64", "shape": [3, 3], "Corder": true}}, {"A": {"__ndarray__": [[127, 157, -65, -3, 70, -153, -11], [157, 299, -118, -9, 102, -257, 81], [-65, -118, 229, -40, -41, 9, -39], [-3, -9, -40, 73, 121, 16, 29], [70, 102, -41, 121, 330, -79, 138], [-153, -257, 9, 16, -79, 335, -2], [-11, 81, -39, 29, 138, -2, 237]], "dtype": "int64", "shape": [7, 7], "Corder": true}}, {"A": {"__ndarray__": [[87, -23, 80, -16, -19], [-23, 103, -32, 0, 3], [80, -32, 166, -18, 1], [-16, 0, -18, 108, -112], [-19, 3, 1, -112, 138]], "dtype": "int64", "shape": [5, 5], "Corder": true}}, {"A": {"__ndarray__": [[249, -35, -35, -38, 118, 92, -80, -53, 94], [-35, 356, 176, -144, -27, 4, 44, 87, -47], [-35, 176, 367, -119, -87, 175, -91, 85, 113], [-38, -144, -119, 400, 38, -71, -11, -84, 94], [118, -27, -87, 38, 223, 80, -52, 2, -5], [92, 4, 175, -71, 80, 275, -171, -8, 132], [-80, 44, -91, -11, -52, -171, 210, 101, -152], [-53, 87, 85, -84, 2, -8, 101, 226, -137], [94, -47, 113, 94, -5, 132, -152, -137, 384]], "dtype": "int64", "shape": [9, 9], "Corder": true}}, {"A": {"__ndarray__": [[376, 64, -22, -20, -340, 111, -196, 61, 45], [64, 349, 131, 81, 24, 112, 31, -92, 18], [-22, 131, 192, -106, 109, 50, -17, -119, 15], [-20, 81, -106, 262, 62, 75, 128, 125, -8], [-340, 24, 109, 62, 504, 5, 137, -4, 37], [111, 112, 50, 75, 5, 177, -42, 37, 89], [-196, 31, -17, 128, 137, -42, 293, 86, -166], [61, -92, -119, 125, -4, 37, 86, 397, -65], [45, 18, 15, -8, 37, 89, -166, -65, 285]], "dtype": "int64", "shape": [9, 9], "Corder": true}}, {"A": {"__ndarray__": [[287, -14, -117, -35, 17, -163, 179, -247, -14], [-14, 209, 8, -22, -18, -24, 77, 54, -71], [-117, 8, 261, 30, -4, 94, -3, 56, 128], [-35, -22, 30, 389, 360, -149, -27, -34, 91], [17, -18, -4, 360, 516, -252, 31, -137, 216], [-163, -24, 94, -149, -252, 225, -99, 181, -87], [179, 77, -3, -27, 31, -99, 319, -256, -91], [-247, 54, 56, -34, -137, 181, -256, 413, 9], [-14, -71, 128, 91, 216, -87, -91, 9, 385]], "dtype": "int64", "shape": [9, 9], "Corder": true}}, {"A": {"__ndarray__": [[380, 109, -68, 89, -62, -224, 28], [109, 162, -127, 184, -154, 5, 61], [-68, -127, 277, -102, 74, 50, 17], [89, 184, -102, 363, -167, 40, 67], [-62, -154, 74, -167, 302, -8, -30], [-224, 5, 50, 40, -8, 265, -31], [28, 61, 17, 67, -30, -31, 218]], "dtype": "int64", "shape": [7, 7], "Corder": true}}, {"A": {"__ndarray__": [[97, 33, -52, -34], [33, 63, -81, -29], [-52, -81, 118, 20], [-34, -29, 20, 190]], "dtype": "int64", "shape": [4, 4], "Corder": true}}, {"A": {"__ndarray__": [[365, 67, -138, -69, 107, -165], [67, 145, 23, 83, 69, -16], [-138, 23, 190, -24, -71, -20], [-69, 83, -24, 196, 56, 90], [107, 69, -71, 56, 139, 17], [-165, -16, -20, 90, 17, 218]], "dtype": "int64", "shape": [6, 6], "Corder": true}}, {"A": {"__ndarray__": [[190, 95, 75, 91, -44, 15], [95, 102, -4, 10, -2, -63], [75, -4, 178, 114, -22, 17], [91, 10, 114, 108, -24, 78], [-44, -2, -22, -24, 59, -37], [15, -63, 17, 78, -37, 319]], "dtype": "int64", "shape": [6, 6], "Corder": true}}, {"A": {"__ndarray__": [[182, 35, -3, 24, 95, 136], [35, 137, -103, 5, -28, 15], [-3, -103, 155, 41, -1, -22], [24, 5, 41, 244, -130, 119], [95, -28, -1, -130, 302, 42], [136, 15, -22, 119, 42, 180]], "dtype": "int64", "shape": [6, 6], "Corder": true}}, {"A": {"__ndarray__": [[41, 77, -21], [77, 187, 15], [-21, 15, 81]], "dtype": "int64", "shape": [3, 3], "Corder": true}}, {"A": {"__ndarray__": [[109, -97, 24, 60], [-97, 90, -11, -54], [24, -11, 95, -24], [60, -54, -24, 54]], "dtype": "int64", "shape": [4, 4], "Corder": true}}, {"A": {"__ndarray__": [[193, -64, 23, 70], [-64, 72, -10, -22], [23, -10, 195, -58], [70, -22, -58, 82]], "dtype": "int64", "shape": [4, 4], "Corder": true}}, {"A": {"__ndarray__": [[333, -101, -124, -62, 146, -15], [-101, 288, -85, 76, -27, 117], [-124, -85, 255, -23, -18, 12], [-62, 76, -23, 117, -32, -18], [146, -27, -18, -32, 222, 20], [-15, 117, 12, -18, 20, 172]], "dtype": "int64", "shape": [6, 6], "Corder": true}}, {"A": {"__ndarray__": [[101, 28, -82], [28, 40, -60], [-82, -60, 146]], "dtype": "int64", "shape": [3, 3], "Corder": true}}, {"A": {"__ndarray__": [[189, -16, 12, -2, -71], [-16, 194, 72, 93, 64], [12, 72, 216, -22, -29], [-2, 93, -22, 190, -44], [-71, 64, -29, -44, 121]], "dtype": "int64", "shape": [5, 5], "Corder": true}}, {"A": {"__ndarray__": [[133, 95, -56, 0, -99, -43, -17], [95, 227, -61, -64, -146, -35, 34], [-56, -61, 283, 111, 112, -27, 175], [0, -64, 111, 203, 31, 11, 6], [-99, -146, 112, 31, 155, -31, 96], [-43, -35, -27, 11, -31, 180, -120], [-17, 34, 175, 6, 96, -120, 363]], "dtype": "int64", "shape": [7, 7], "Corder": true}}, {"A": {"__ndarray__": [[223, 52, -18, 105, 6], [52, 74, 2, 67, -19], [-18, 2, 57, -9, 37], [105, 67, -9, 166, -9], [6, -19, 37, -9, 43]], "dtype": "int64", "shape": [5, 5], "Corder": true}}, {"A": {"__ndarray__": [[405, 132, -100, -112, 58, 58, -50, -115], [132, 333, -122, -41, -169, -37, 12, -28], [-100, -122, 166, 42, 43, 113, 46, 18], [-112, -41, 42, 193, -176, -11, 13, -172], [58, -169, 43, -176, 375, 67, 50, 171], [58, -37, 113, -11, 67, 160, 64, -7], [-50, 12, 46, 13, 50, 64, 173, 50], [-115, -28, 18, -172, 171, -7, 50, 440]], "dtype": "int64", "shape": [8, 8], "Corder": true}}, {"A": {"__ndarray__": [[115, -12, -78, -55], [-12, 38, -21, 0], [-78, -21, 79, 26], [-55, 0, 26, 142]], "dtype": "int64", "shape": [4, 4], "Corder": true}}, {"A": {"__ndarray__": [[216, 103, 27, -85, -30, -7, 49], [103, 367, -68, 34, 131, 60, 66], [27, -68, 373, -104, -32, -123, -178], [-85, 34, -104, 135, -76, 21, 5], [-30, 131, -32, -76, 420, 49, -25], [-7, 60, -123, 21, 49, 85, 33], [49, 66, -178, 5, -25, 33, 403]], "dtype": "int64", "shape": [7, 7], "Corder": true}}, {"A": {"__ndarray__": [[104, -68, 7, 71, -97, 54], [-68, 186, 48, 41, -6, -52], [7, 48, 197, 169, -19, 146], [71, 41, 169, 312, -63, 87], [-97, -6, -19, -63, 240, 29], [54, -52, 146, 87, 29, 234]], "dtype": "int64", "shape": [6, 6], "Corder": true}}, {"A": {"__ndarray__": [[328, -34, 72, 143, -65, -107, -102, -3, 78], [-34, 301, -149, -45, 113, -86, 44, 45, -6], [72, -149, 303, -36, 64, 87, -112, 64, 28], [143, -45, -36, 300, -5, -38, -75, -156, 153], [-65, 113, 64, -5, 319, 88, -27, 121, 43], [-107, -86, 87, -38, 88, 269, 89, -102, 131], [-102, 44, -112, -75, -27, 89, 239, -50, -5], [-3, 45, 64, -156, 121, -102, -50, 409, -162], [78, -6, 28, 153, 43, 131, -5, -162, 224]], "dtype": "int64", "shape": [9, 9], "Corder": true}}, {"A": {"__ndarray__": [[146, -64, 35, 103, -22], [-64, 212, 200, 26, -50], [35, 200, 334, 103, -96], [103, 26, 103, 219, 43], [-22, -50, -96, 43, 137]], "dtype": "int64", "shape": [5, 5], "Corder": true}}, {"A": {"__ndarray__": [[244, -41, -160, -141, 35, -16, 72], [-41, 258, 124, -94, -23, -17, -233], [-160, 124, 188, 5, 75, 3, -126], [-141, -94, 5, 236, -148, -47, 15], [35, -23, 75, -148, 337, -64, 95], [-16, -17, 3, -47, -64, 290, 40], [72, -233, -126, 15, 95, 40, 276]], "dtype": "int64", "shape": [7, 7], "Corder": true}}, {"A": {"__ndarray__": [[163, -21, -35, -85, 27, 37, 89], [-21, 189, -8, -46, 109, -33, 39], [-35, -8, 273, -68, 135, -97, -162], [-85, -46, -68, 320, -175, -5, -12], [27, 109, 135, -175, 237, -66, -54], [37, -33, -97, -5, -66, 81, 35], [89, 39, -162, -12, -54, 35, 215]], "dtype": "int64", "shape": [7, 7], "Corder": true}}, {"A": {"__ndarray__": [[50, 47, -68], [47, 161, -11], [-68, -11, 122]], "dtype": "int64", "shape": [3, 3], "Corder": true}}, {"A": {"__ndarray__": [[201, -97, 135, -78, -103, 42, -83], [-97, 347, -30, 282, 138, -30, 119], [135, -30, 152, -37, -103, 78, -137], [-78, 282, -37, 318, 168, 36, 142], [-103, 138, -103, 168, 142, -30, 131], [42, -30, 78, 36, -30, 164, -100], [-83, 119, -137, 142, 131, -100, 310]], "dtype": "int64", "shape": [7, 7], "Corder": true}}, {"A": {"__ndarray__": [[425, -49, 127, -103, -42, -45, 14, 160, -4], [-49, 436, -110, -95, 31, 105, -103, 32, -15], [127, -110, 229, -33, -54, -105, 108, 24, -49], [-103, -95, -33, 288, 101, 39, -93, 20, 25], [-42, 31, -54, 101, 398, 124, -41, -166, 130], [-45, 105, -105, 39, 124, 280, -75, 34, -55], [14, -103, 108, -93, -41, -75, 146, -112, 25], [160, 32, 24, 20, -166, 34, -112, 414, -48], [-4, -15, -49, 25, 130, -55, 25, -48, 296]], "dtype": "int64", "shape": [9, 9], "Corder": true}}, {"A": {"__ndarray__": [[40, 24, -40], [24, 130, 44], [-40, 44, 84]], "dtype": "int64", "shape": [3, 3], "Corder": true}}, {"A": {"__ndarray__": [[125, -177, -28, 71, 48, -72, 101], [-177, 355, 22, -51, -129, 95, -192], [-28, 22, 312, -95, 78, 312, -1], [71, -51, -95, 111, -26, -100, 18], [48, -129, 78, -26, 335, 42, 137], [-72, 95, 312, -100, 42, 343, -64], [101, -192, -1, 18, 137, -64, 172]], "dtype": "int64", "shape": [7, 7], "Corder": true}}, {"A": {"__ndarray__": [[271, 36, -81, -32, 62, 71], [36, 167, 56, -38, 109, 48], [-81, 56, 245, 122, 82, -21], [-32, -38, 122, 108, -6, -80], [62, 109, 82, -6, 229, 61], [71, 48, -21, -80, 61, 271]], "dtype": "int64", "shape": [6, 6], "Corder": true}}, {"A": {"__ndarray__": [[69, 48, -78], [48, 101, -70], [-78, -70, 140]], "dtype": "int64", "shape": [3, 3], "Corder": true}}, {"A": {"__ndarray__": [[119, -1, 17, 80, 53], [-1, 96, 16, 126, -89], [17, 16, 375, 21, -26], [80, 126, 21, 266, -34], [53, -89, -26, -34, 168]], "dtype": "int64", "shape": [5, 5], "Corder": true}}, {"A": {"__ndarray__": [[517, -196, 160, -86, -132, 261, -189, 77, 250], [-196, 234, -85, 42, 39, -144, -48, -78, -225], [160, -85, 197, -51, -53, -26, 104, 70, 92], [-86, 42, -51, 109, 15, -3, -59, -2, -56], [-132, 39, -53, 15, 228, -37, 104, -7, -33], [261, -144, -26, -3, -37, 334, -185, -50, 115], [-189, -48, 104, -59, 104, -185, 427, 141, 33], [77, -78, 70, -2, -7, -50, 141, 353, 193], [250, -225, 92, -56, -33, 115, 33, 193, 291]], "dtype": "int64", "shape": [9, 9], "Corder": true}}, {"A": {"__ndarray__": [[189, -17, -1, 0, 93, 32, 69, -110], [-17, 241, -21, 196, 15, 214, -8, 85], [-1, -21, 201, 36, -15, -97, 126, -30], [0, 196, 36, 258, 26, 219, -17, 19], [93, 15, -15, 26, 548, -99, -133, -151], [32, 214, -97, 219, -99, 445, 166, 219], [69, -8, 126, -17, -133, 166, 510, 246], [-110, 85, -30, 19, -151, 219, 246, 420]], "dtype": "int64", "shape": [8, 8], "Corder": true}}, {"A": {"__ndarray__": [[131, -109, 44], [-109, 125, 22], [44, 22, 216]], "dtype": "int64", "shape": [3, 3], "Corder": true}}, {"A": {"__ndarray__": [[268, -248, 115, 43, -82, -22, -42], [-248, 292, -133, -19, 87, -58, -16], [115, -133, 183, -135, -108, -51, -12], [43, -19, -135, 243, 81, 20, 22], [-82, 87, -108, 81, 269, 68, -178], [-22, -58, -51, 20, 68, 226, 21], [-42, -16, -12, 22, -178, 21, 259]], "dtype": "int64", "shape": [7, 7], "Corder": true}}, {"A": {"__ndarray__": [[121, -113, -40, -4, 60, -37, 46, 33], [-113, 289, 39, -9, -164, 31, -80, 10], [-40, 39, 207, 55, -1, 92, 55, -150], [-4, -9, 55, 268, -43, -48, -87, 36], [60, -164, -1, -43, 262, 120, 39, -25], [-37, 31, 92, -48, 120, 193, 43, -95], [46, -80, 55, -87, 39, 43, 147, -115], [33, 10, -150, 36, -25, -95, -115, 296]], "dtype": "int64", "shape": [8, 8], "Corder": true}}, {"A": {"__ndarray__": [[292, 66, 61, 83, -306, 126, 187], [66, 176, -21, 143, -3, -49, -23], [61, -21, 243, -10, -15, -54, 19], [83, 143, -10, 392, -94, -86, 30], [-306, -3, -15, -94, 393, -190, -245], [126, -49, -54, -86, -190, 178, 127], [187, -23, 19, 30, -245, 127, 181]], "dtype": "int64", "shape": [7, 7], "Corder": true}}, {"A": {"__ndarray__": [[278, -95, -91, 138, 97, -14, 109, 80, 28], [-95, 389, 48, 82, -103, 123, 86, 1, -115], [-91, 48, 110, -17, -64, 14, 12, -85, -61], [138, 82, -17, 281, -91, -50, 22, -41, 13], [97, -103, -64, -91, 304, 78, 50, 86, -44], [-14, 123, 14, -50, 78, 220, 38, -86, -96], [109, 86, 12, 22, 50, 38, 273, 98, 68], [80, 1, -85, -41, 86, -86, 98, 300, 0], [28, -115, -61, 13, -44, -96, 68, 0, 437]], "dtype": "int64", "shape": [9, 9], "Corder": true}}, {"A": {"__ndarray__": [[38, 4, -27], [4, 140, 0], [-27, 0, 174]], "dtype": "int64", "shape": [3, 3], "Corder": true}}, {"A": {"__ndarray__": [[66, 9, -1, 33], [9, 126, -153, 24], [-1, -153, 206, -7], [33, 24, -7, 42]], "dtype": "int64", "shape": [4, 4], "Corder": true}}, {"A": {"__ndarray__": [[200, 12, -40], [12, 165, -32], [-40, -32, 94]], "dtype": "int64", "shape": [3, 3], "Corder": true}}, {"A": {"__ndarray__": [[75, 28, -81, -22], [28, 94, -47, -69], [-81, -47, 94, 35], [-22, -69, 35, 58]], "dtype": "int64", "shape": [4, 4], "Corder": true}}, {"A": {"__ndarray__": [[184, -23, 26, 34, 39, -93], [-23, 222, 35, 127, 55, 31], [26, 35, 113, 96, -72, 25], [34, 127, 96, 174, 18, 40], [39, 55, -72, 18, 131, -40], [-93, 31, 25, 40, -40, 171]], "dtype": "int64", "shape": [6, 6], "Corder": true}}, {"A": {"__ndarray__": [[341, -151, 43, -99, -20, -73, 149], [-151, 188, 28, 49, 30, 60, 28], [43, 28, 182, 10, -74, -120, 86], [-99, 49, 10, 221, 188, 30, 65], [-20, 30, -74, 188, 345, 136, 120], [-73, 60, -120, 30, 136, 369, -21], [149, 28, 86, 65, 120, -21, 206]], "dtype": "int64", "shape": [7, 7], "Corder": true}}, {"A": {"__ndarray__": [[149, 32, -11, -64, 56, -101], [32, 191, 36, 134, 75, -31], [-11, 36, 71, 50, -105, 43], [-64, 134, 50, 158, 9, 48], [56, 75, -105, 9, 302, -84], [-101, -31, 43, 48, -84, 202]], "dtype": "int64", "shape": [6, 6], "Corder": true}}, {"A": {"__ndarray__": [[215, 42, 21, -6, 51], [42, 172, 70, -104, -6], [21, 70, 137, -57, -39], [-6, -104, -57, 71, 27], [51, -6, -39, 27, 81]], "dtype": "int64", "shape": [5, 5], "Corder": true}}, {"A": {"__ndarray__": [[222, 18, -8, 55, -106, -174, 63], [18, 380, 22, -226, -146, 10, -204], [-8, 22, 163, -38, -89, -85, 23], [55, -226, -38, 308, 128, 96, 188], [-106, -146, -89, 128, 302, 196, 58], [-174, 10, -85, 96, 196, 346, -67], [63, -204, 23, 188, 58, -67, 208]], "dtype": "int64", "shape": [7, 7], "Corder": true}}, {"A": {"__ndarray__": [[328, 144, 37, 80, 25, 94, -126, -36], [144, 341, 19, 70, 175, 122, -87, -61], [37, 19, 259, 97, -40, -48, -54, 214], [80, 70, 97, 218, 77, 115, -152, 38], [25, 175, -40, 77, 258, 65, -75, -73], [94, 122, -48, 115, 65, 520, -246, 99], [-126, -87, -54, -152, -75, -246, 186, -76], [-36, -61, 214, 38, -73, 99, -76, 346]], "dtype": "int64", "shape": [8, 8], "Corder": true}}, {"A": {"__ndarray__": [[274, -76, -126, -38, 190, 35, 107, -71, 7], [-76, 339, 43, -71, -142, 1, -29, -37, 135], [-126, 43, 405, -78, -74, -6, -259, -181, -64], [-38, -71, -78, 152, -17, 23, 30, 90, 75], [190, -142, -74, -17, 315, 79, 81, -98, 39], [35, 1, -6, 23, 79, 127, 59, -78, 20], [107, -29, -259, 30, 81, 59, 217, 59, -22], [-71, -37, -181, 90, -98, -78, 59, 245, 87], [7, 135, -64, 75, 39, 20, -22, 87, 375]], "dtype": "int64", "shape": [9, 9], "Corder": true}}, {"A": {"__ndarray__": [[291, 36, 135, -58, -29, -27], [36, 212, 38, -56, -57, 20], [135, 38, 315, -78, -136, -100], [-58, -56, -78, 184, 101, -17], [-29, -57, -136, 101, 131, 48], [-27, 20, -100, -17, 48, 63]], "dtype": "int64", "shape": [6, 6], "Corder": true}}, {"A": {"__ndarray__": [[159, 50, 66, -20, -24, -60, 30], [50, 167, 65, 26, 35, 50, 30], [66, 65, 133, -18, -78, -65, 36], [-20, 26, -18, 155, -30, 82, -28], [-24, 35, -78, -30, 236, 32, -111], [-60, 50, -65, 82, 32, 167, 11], [30, 30, 36, -28, -111, 11, 110]], "dtype": "int64", "shape": [7, 7], "Corder": true}}, {"A": {"__ndarray__": [[131, -6, 0], [-6, 38, 23], [0, 23, 30]], "dtype": "int64", "shape": [3, 3], "Corder": true}}, {"A": {"__ndarray__": [[306, -107, 42, -59, -125, -25, 59, 43, 8], [-107, 220, 32, 13, -40, -20, 10, -126, 66], [42, 32, 284, -178, -102, 24, 46, -122, -92], [-59, 13, -178, 266, 4, 29, -48, 129, 57], [-125, -40, -102, 4, 188, 95, -122, 59, -70], [-25, -20, 24, 29, 95, 322, -219, 17, -154], [59, 10, 46, -48, -122, -219, 210, -58, 72], [43, -126, -122, 129, 59, 17, -58, 324, 19], [8, 66, -92, 57, -70, -154, 72, 19, 222]], "dtype": "int64", "shape": [9, 9], "Corder": true}}, {"A": {"__ndarray__": [[292, -88, -139, -58, 110, 40, -38, 127, -183], [-88, 229, -43, 93, -35, 137, -84, -79, 127], [-139, -43, 228, 90, -58, -228, 66, -1, 38], [-58, 93, 90, 241, -33, 30, 46, 58, 104], [110, -35, -58, -33, 195, -10, -58, 96, -102], [40, 137, -228, 30, -10, 468, 7, 26, 106], [-38, -84, 66, 46, -58, 7, 356, 159, 79], [127, -79, -1, 58, 96, 26, 159, 214, -66], [-183, 127, 38, 104, -102, 106, 79, -66, 324]], "dtype": "int64", "shape": [9, 9], "Corder": true}}, {"A": {"__ndarray__": [[142, -28, -139, -4, -87, 59], [-28, 118, -10, 98, 8, -16], [-139, -10, 229, -116, 18, -57], [-4, 98, -116, 232, 82, -64], [-87, 8, 18, 82, 291, -72], [59, -16, -57, -64, -72, 112]], "dtype": "int64", "shape": [6, 6], "Corder": true}}, {"A": {"__ndarray__": [[309, -107, -69, 106, 188, 1, -152, 20], [-107, 145, -12, 69, -81, 26, 72, 7], [-69, -12, 266, -10, -118, 16, 36, -126], [106, 69, -10, 166, 52, 32, -18, 21], [188, -81, -118, 52, 233, -66, -59, 108], [1, 26, 16, 32, -66, 387, -8, 121], [-152, 72, 36, -18, -59, -8, 141, 15], [20, 7, -126, 21, 108, 121, 15, 301]], "dtype": "int64", "shape": [8, 8], "Corder": true}}, {"A": {"__ndarray__": [[72, 72, -54], [72, 84, -78], [-54, -78, 126]], "dtype": "int64", "shape": [3, 3], "Corder": true}}, {"A": {"__ndarray__": [[110, -34, -50, 36], [-34, 189, -69, -71], [-50, -69, 165, -9], [36, -71, -9, 174]], "dtype": "int64", "shape": [4, 4], "Corder": true}}, {"A": {"__ndarray__": [[177, -102, 92], [-102, 65, -49], [92, -49, 66]], "dtype": "int64", "shape": [3, 3], "Corder": true}}, {"A": {"__ndarray__": [[439, -86, -29, 130, 64, -73, 65, 165], [-86, 199, 19, 63, 5, 59, 89, -123], [-29, 19, 111, 50, -53, 66, 57, -103], [130, 63, 50, 243, -26, 1, 102, -165], [64, 5, -53, -26, 271, 159, -21, 128], [-73, 59, 66, 1, 159, 297, -78, -61], [65, 89, 57, 102, -21, -78, 324, -89], [165, -123, -103, -165, 128, -61, -89, 337]], "dtype": "int64", "shape": [8, 8], "Corder": true}}, {"A": {"__ndarray__": [[135, -15, 27, -79, 79, 109, 35], [-15, 456, -44, 40, -136, 133, -169], [27, -44, 150, -47, 56, 44, 29], [-79, 40, -47, 183, 52, -104, 13], [79, -136, 56, 52, 290, -36, 135], [109, 133, 44, -104, -36, 223, -99], [35, -169, 29, 13, 135, -99, 150]], "dtype": "int64", "shape": [7, 7], "Corder": true}}, {"A": {"__ndarray__": [[63, 3, 76, -26, -66], [3, 154, 85, -10, -7], [76, 85, 178, -28, -56], [-26, -10, -28, 96, 142], [-66, -7, -56, 142, 235]], "dtype": "int64", "shape": [5, 5], "Corder": true}}, {"A": {"__ndarray__": [[17, 24, -8, 12], [24, 82, 65, 28], [-8, 65, 142, 39], [12, 28, 39, 190]], "dtype": "int64", "shape": [4, 4], "Corder": true}}, {"A": {"__ndarray__": [[142, 122, -112, 3, 129], [122, 294, -7, 15, 93], [-112, -7, 280, -46, -27], [3, 15, -46, 243, -124], [129, 93, -27, -124, 243]], "dtype": "int64", "shape": [5, 5], "Corder": true}}, {"A": {"__ndarray__": [[81, 37, -71, -75], [37, 91, -31, 25], [-71, -31, 237, 103], [-75, 25, 103, 162]], "dtype": "int64", "shape": [4, 4], "Corder": true}}, {"A": {"__ndarray__": [[211, 24, 162, -56, -22], [24, 118, 27, 85, 128], [162, 27, 232, 9, -73], [-56, 85, 9, 118, 85], [-22, 128, -73, 85, 194]], "dtype": "int64", "shape": [5, 5], "Corder": true}}, {"A": {"__ndarray__": [[11, -27, 26], [-27, 101, -58], [26, -58, 76]], "dtype": "int64", "shape": [3, 3], "Corder": true}}, {"A": {"__ndarray__": [[179, -225, 33, 133, -85], [-225, 334, -24, -143, 44], [33, -24, 90, 64, -69], [133, -143, 64, 151, -53], [-85, 44, -69, -53, 229]], "dtype": "int64", "shape": [5, 5], "Corder": true}}, {"A": {"__ndarray__": [[334, 73, -22, -222, -57, -56, -114, 118, -140], [73, 281, 3, -184, 43, -37, 3, 72, -2], [-22, 3, 209, -38, -79, 75, -43, -37, 25], [-222, -184, -38, 481, -188, 46, 315, 41, 160], [-57, 43, -79, -188, 306, -16, -126, -52, 46], [-56, -37, 75, 46, -16, 226, 66, 47, 127], [-114, 3, -43, 315, -126, 66, 485, 210, 262], [118, 72, -37, 41, -52, 47, 210, 257, 120], [-140, -2, 25, 160, 46, 127, 262, 120, 303]], "dtype": "int64", "shape": [9, 9], "Corder": true}}, {"A": {"__ndarray__": [[259, 126, -14, -112, -225, -152, 74, 58], [126, 413, -65, -140, -102, -183, 93, 180], [-14, -65, 224, 104, 128, -64, -71, 63], [-112, -140, 104, 135, 122, 52, -38, -36], [-225, -102, 128, 122, 364, 112, -106, -12], [-152, -183, -64, 52, 112, 304, 28, -78], [74, 93, -71, -38, -106, 28, 161, 26], [58, 180, 63, -36, -12, -78, 26, 172]], "dtype": "int64", "shape": [8, 8], "Corder": true}}, {"A": {"__ndarray__": [[367, -140, -38, -177, -141, -162, 121, -204], [-140, 253, 136, -38, 26, 88, 94, 117], [-38, 136, 165, -91, 0, 61, 93, 79], [-177, -38, -91, 408, 48, -17, -251, 105], [-141, 26, 0, 48, 119, 60, 17, 114], [-162, 88, 61, -17, 60, 248, -115, -10], [121, 94, 93, -251, 17, -115, 352, 73], [-204, 117, 79, 105, 114, -10, 73, 273]], "dtype": "int64", "shape": [8, 8], "Corder": true}}, {"A": {"__ndarray__": [[136, 34, -46], [34, 162, 36], [-46, 36, 170]], "dtype": "int64", "shape": [3, 3], "Corder": true}}, {"A": {"__ndarray__": [[145, 80, 28], [80, 89, 8], [28, 8, 73]], "dtype": "int64", "shape": [3, 3], "Corder": true}}, {"A": {"__ndarray__": [[249, 164, 69, 69, 216, 100], [164, 175, -18, 49, 146, 133], [69, -18, 232, 143, 98, -6], [69, 49, 143, 259, 22, 14], [216, 146, 98, 22, 251, 145], [100, 133, -6, 14, 145, 234]], "dtype": "int64", "shape": [6, 6], "Corder": true}}, {"A": {"__ndarray__": [[320, -6, 42, 19, 28, 152, 35, -25, 69], [-6, 177, 45, -63, 102, 84, -34, -12, -87], [42, 45, 213, -146, -33, -116, 83, -54, 93], [19, -63, -146, 247, -7, 38, -153, -28, -62], [28, 102, -33, -7, 271, 34, 0, -97, -87], [152, 84, -116, 38, 34, 347, -9, 106, -40], [35, -34, 83, -153, 0, -9, 396, 11, 255], [-25, -12, -54, -28, -97, 106, 11, 312, -23], [69, -87, 93, -62, -87, -40, 255, -23, 257]], "dtype": "int64", "shape": [9, 9], "Corder": true}}, {"A": {"__ndarray__": [[237, -56, -21, 95, -94, -6, 148, 292], [-56, 178, 78, -87, -86, -111, -119, -50], [-21, 78, 135, 64, 44, -29, -27, -20], [95, -87, 64, 332, 99, 176, 124, 98], [-94, -86, 44, 99, 242, 140, 22, -116], [-6, -111, -29, 176, 140, 232, 105, 29], [148, -119, -27, 124, 22, 105, 182, 207], [292, -50, -20, 98, -116, 29, 207, 413]], "dtype": "int64", "shape": [8, 8], "Corder": true}}, {"A": {"__ndarray__": [[157, -87, -76, -32], [-87, 126, 81, -36], [-76, 81, 57, 0], [-32, -36, 0, 214]], "dtype": "int64", "shape": [4, 4], "Corder": true}}, {"A": {"__ndarray__": [[110, 50, 101, -66, -60, 78], [50, 232, 182, -2, -150, -36], [101, 182, 306, -23, -118, -15], [-66, -2, -23, 198, 64, -96], [-60, -150, -118, 64, 154, -29], [78, -36, -15, -96, -29, 135]], "dtype": "int64", "shape": [6, 6], "Corder": true}}, {"A": {"__ndarray__": [[100, 62, -38], [62, 45, -39], [-38, -39, 86]], "dtype": "int64", "shape": [3, 3], "Corder": true}}, {"A": {"__ndarray__": [[460, -32, -235, -166, 22, 354, 91, -38, -145], [-32, 218, 16, 79, 0, 62, -35, 27, -6], [-235, 16, 192, 89, -27, -183, -42, 37, 80], [-166, 79, 89, 297, -205, -105, -55, 46, 132], [22, 0, -27, -205, 322, 64, -86, -4, -129], [354, 62, -183, -105, 64, 429, 42, 134, -133], [91, -35, -42, -55, -86, 42, 393, -48, -61], [-38, 27, 37, 46, -4, 134, -48, 262, -17], [-145, -6, 80, 132, -129, -133, -61, -17, 258]], "dtype": "int64", "shape": [9, 9], "Corder": true}}, {"A": {"__ndarray__": [[156, -11, 78, -48, -12, -148, -14, 47], [-11, 131, 0, -184, -22, 9, 62, -16], [78, 0, 383, -28, -196, -185, 62, 264], [-48, -184, -28, 355, 60, 63, -154, 23], [-12, -22, -196, 60, 165, 84, -83, -147], [-148, 9, -185, 63, 84, 226, -23, -90], [-14, 62, 62, -154, -83, -23, 224, 79], [47, -16, 264, 23, -147, -90, 79, 258]], "dtype": "int64", "shape": [8, 8], "Corder": true}}, {"A": {"__ndarray__": [[231, 245, 122, -58, 41, 32, 104], [245, 390, 74, -148, -102, -3, 188], [122, 74, 260, 28, 52, 90, 155], [-58, -148, 28, 203, 102, 23, -55], [41, -102, 52, 102, 290, 27, -97], [32, -3, 90, 23, 27, 200, 59], [104, 188, 155, -55, -97, 59, 211]], "dtype": "int64", "shape": [7, 7], "Corder": true}}, {"A": {"__ndarray__": [[65, -5, 58, 29, 49, -75, -33, -39], [-5, 288, 38, -54, -59, 28, 55, 45], [58, 38, 335, 17, 120, -95, 88, -165], [29, -54, 17, 208, -17, -42, -9, -33], [49, -59, 120, -17, 426, -64, -119, -133], [-75, 28, -95, -42, -64, 416, 236, -16], [-33, 55, 88, -9, -119, 236, 272, -52], [-39, 45, -165, -33, -133, -16, -52, 129]], "dtype": "int64", "shape": [8, 8], "Corder": true}}, {"A": {"__ndarray__": [[39, -41, 2, -23, 0], [-41, 113, -1, -3, -71], [2, -1, 158, -74, -36], [-23, -3, -74, 101, 91], [0, -71, -36, 91, 135]], "dtype": "int64", "shape": [5, 5], "Corder": true}}, {"A": {"__ndarray__": [[179, -67, 17, -24, 105, 31, -8, 69, 14], [-67, 341, 86, 29, -270, -110, -133, 103, -68], [17, 86, 289, 25, -54, 197, -25, 34, 86], [-24, 29, 25, 160, -68, -9, -24, -39, -26], [105, -270, -54, -68, 366, 132, 128, -82, 57], [31, -110, 197, -9, 132, 309, 41, -50, 122], [-8, -133, -25, -24, 128, 41, 292, -43, 205], [69, 103, 34, -39, -82, -50, -43, 150, -59], [14, -68, 86, -26, 57, 122, 205, -59, 281]], "dtype": "int64", "shape": [9, 9], "Corder": true}}, {"A": {"__ndarray__": [[107, 59, 71, -11], [59, 50, 32, -36], [71, 32, 98, -62], [-11, -36, -62, 146]], "dtype": "int64", "shape": [4, 4], "Corder": true}}, {"A": {"__ndarray__": [[207, -19, -117, -81, -43, -27], [-19, 101, -2, 38, -9, 55], [-117, -2, 223, 104, 20, 57], [-81, 38, 104, 162, 85, 32], [-43, -9, 20, 85, 125, -128], [-27, 55, 57, 32, -128, 309]], "dtype": "int64", "shape": [6, 6], "Corder": true}}, {"A": {"__ndarray__": [[297, 78, 162, 155, 79, 155, -51], [78, 278, 62, -20, 16, -35, 5], [162, 62, 198, 146, -30, 77, 115], [155, -20, 146, 149, -17, 92, 30], [79, 16, -30, -17, 122, 110, -96], [155, -35, 77, 92, 110, 235, -40], [-51, 5, 115, 30, -96, -40, 270]], "dtype": "int64", "shape": [7, 7], "Corder": true}}, {"A": {"__ndarray__": [[216, -186, 100], [-186, 194, -134], [100, -134, 120]], "dtype": "int64", "shape": [3, 3], "Corder": true}}]